BFS
150 130
752 33 53
4782 21 21
1000
7265 104 16 2447
2944 48 33 7132
430 0 112 1893
3654 49 68 7174
8888 105 62 5074
2514 56 119 1882
6875 95 97 5091
6758 127 88 3678
1193 39 89 5955
1484 13 115 3718
4197 62 95 5262
312 136 61 502
3880 124 118 638
6555 83 127 381
4364 144 125 6548
6800 26 114 4567
1719 64 80 3750
535 49 87 1619
4960 127 70 4811
6123 81 74 4027
4807 104 76 5350
7837 98 39 3868
5082 124 125 5091
2911 97 28 7387
4567 33 42 2195
6538 17 100 7180
2542 17 121 8078
8684 26 30 4096
4567 24 58 204
5494 2 89 6628
7103 51 75 5264
54 135 112 6758
7180 63 67 2104
1779 3 35 635
6628 68 119 4811
859 29 12 4712
3654 29 22 7884
116 142 102 4328
535 74 4 8885
8885 26 128 817
3436 69 41 8444
5936 139 10 7759
243 36 0 7400
2384 86 127 2066
4182 93 31 5262
7944 119 87 3566
7170 94 60 7210
4268 143 40 4176
3907 50 82 1847
6485 115 99 852
3406 140 124 7229
4461 34 6 5558
6224 23 91 5076
881 33 34 116
2630 140 119 336
747 96 38 3558
32 23 101 1647
1613 43 77 7178
5784 128 3 6938
7946 115 105 1316
7539 36 49 8386
6329 95 123 940
4811 141 100 6295
4268 80 24 1716
6721 100 127 8790
5272 139 51 4937
5221 131 12 623
5221 100 37 460
8376 2 129 7855
7270 77 27 32
4024 53 121 3973
1192 21 93 1866
859 67 45 6982
3004 65 5 1971
7170 138 37 1971
5486 140 4 312
460 81 121 2889
7941 6 97 7939
3749 130 129 6118
5694 83 49 2471
5777 12 50 7960
6224 120 4 8790
7229 24 79 4971
2471 16 14 5285
1727 18 119 1316
3076 99 128 1510
3582 138 31 55
7265 36 82 2878
1613 107 76 7941
2030 123 122 7155
2583 42 91 3827
7085 110 128 7229
623 12 74 719
4772 21 109 3990
5694 91 40 2680
7388 89 128 2944
6800 82 37 7170
3877 43 35 1381
1036 136 53 7083
7823 86 59 3614
6217 1 115 8147
7362 93 72 535
3868 124 48 6217
3436 109 85 3058
5312 143 113 7400
5595 104 47 4407
7150 113 28 452
8386 147 120 6822
8877 43 102 3008
2348 96 96 7507
3250 30 118 7884
2136 46 102 7103
3674 118 39 692
1916 35 42 1643
5082 59 127 7085
4321 124 8 4913
7387 135 57 3678
7810 71 75 7270
7859 145 99 7400
6486 73 72 5074
3028 137 57 1647
4226 17 24 2630
5355 101 29 4605
1866 87 13 7855
1755 95 25 1971
8684 147 96 829
1265 42 68 5109
452 33 126 7841
852 115 122 6080
6229 95 121 204
7884 39 87 6982
1238 144 32 2294
6282 88 95 1748
1230 149 113 4364
1843 35 43 5636
1647 55 127 5566
7229 142 31 7952
2583 108 37 6033
377 142 36 2447
5901 105 28 5595
1789 97 75 6755
4811 3 71 4312
8147 14 44 5961
2088 36 4 8717
4182 99 126 8189
2348 47 52 3750
6220 129 56 3989
4971 115 71 780
2717 113 36 3096
8568 47 112 1073
160 15 94 8635
8386 32 63 1826
7272 30 48 3076
5027 128 78 7675
7810 75 56 7977
3566 84 106 5840
2889 148 55 1619
1820 133 59 1850
635 93 53 1379
1866 12 47 1475
7837 82 68 1613
8376 124 60 817
4907 109 73 842
7075 65 37 4176
8554 6 102 8417
6199 53 87 5076
1164 28 19 1179
2630 86 2 4268
6486 133 0 1613
3678 120 129 1082
243 39 88 5262
1727 108 67 3973
7625 118 41 8376
5609 3 91 4235
243 29 7 1971
6538 94 28 160
8252 17 24 110
5609 111 124 5784
1316 141 66 6802
2630 84 94 3629
377 111 11 7675
4463 45 59 881
7132 102 112 8064
1179 122 42 2680
8444 79 48 8078
833 26 105 7
2195 62 73 3582
1719 124 98 8555
5264 49 59 54
4671 141 24 7960
549 148 126 1613
3718 9 2 5777
3966 3 36 5502
6080 0 102 1789
5609 104 75 535
7229 83 117 8635
8776 83 13 5502
4583 112 56 4268
8877 28 23 1778
2514 87 121 6554
2471 56 125 549
460 52 5 5609
6924 105 48 7
829 36 84 4162
3678 56 49 4583
2176 107 67 4232
535 24 101 8554
430 128 116 4407
6434 58 48 3076
960 14 102 8663
430 72 51 8790
7234 124 100 5074
4605 69 26 3629
8877 131 4 2939
5082 146 19 2026
1252 137 52 1082
2911 70 84 5805
7144 15 124 7675
7388 26 36 7234
4583 129 74 8386
2680 83 129 2150
3687 8 47 1893
684 35 126 2195
779 19 82 2348
1073 7 44 418
4407 101 4 7180
2330 0 14 6020
3068 139 82 6251
3907 95 22 7180
8106 24 87 2176
3566 99 63 6822
5264 42 5 5828
3379 19 72 459
3372 130 119 8060
279 17 47 1619
7808 134 2 6474
160 113 80 1464
418 109 21 312
3076 117 33 5901
6802 117 67 833
6436 125 111 1737
4811 119 15 3903
1719 98 105 8106
6486 86 5 3008
3265 33 3 32
3406 39 35 4312
423 19 104 8106
4162 121 25 8106
7206 83 107 3096
8717 104 51 8189
5256 19 126 6486
6486 41 31 7538
5076 104 101 7400
7349 43 83 1918
1164 81 68 7430
4325 62 47 7855
116 148 128 381
2195 148 16 3901
1252 56 42 6214
6794 147 94 1619
4960 60 49 2909
7170 44 29 8877
6217 65 53 418
3678 149 84 3905
7270 106 7 940
6982 83 103 7229
6982 22 6 4926
6289 43 34 1036
829 64 71 2911
6436 42 48 6020
4024 105 99 2150
8376 113 24 4351
1597 145 53 7270
1866 113 115 1866
779 62 25 7272
7234 59 17 430
4400 124 45 160
8717 100 64 7206
4971 137 127 3880
2630 112 52 1719
5271 10 36 8663
8790 114 9 2318
2124 109 56 7855
7210 25 17 6362
8355 7 91 1647
1718 84 17 1779
6800 73 117 6118
3210 12 105 5076
472 68 72 8018
7960 105 117 4346
4772 75 29 1484
3489 8 56 2946
2944 10 56 460
5494 148 93 6282
7178 134 82 2318
4413 65 3 8776
5666 142 105 5828
1789 141 87 2555
1223 122 78 6162
160 79 94 6289
8347 65 72 2296
8663 33 28 3008
1718 41 88 5256
4129 132 55 7170
8417 36 118 8183
6282 91 40 5609
5828 8 90 3550
1847 69 119 3166
3481 96 126 1193
1265 104 21 5221
3364 59 68 2583
243 82 124 1316
6217 98 54 2556
7841 141 126 4811
6758 15 86 5609
692 95 53 6924
1054 12 49 8012
2926 145 97 2195
3250 128 58 4731
6548 45 100 8252
7539 59 6 5666
7255 31 32 7180
779 25 71 1192
1040 117 50 3750
3372 113 22 563
3008 140 110 7575
2136 111 94 1847
6434 115 95 8353
1850 76 32 7941
6337 35 46 6123
3011 144 40 2680
2939 71 88 1866
8717 112 54 6289
6362 18 16 6118
5961 107 61 6802
7841 103 124 5486
1778 51 113 7944
5827 139 0 5841
3068 36 5 7387
7279 81 79 1847
1843 90 66 6755
3533 104 12 6434
7083 70 54 1399
3143 41 95 7970
430 114 42 1778
3143 21 103 4162
5840 141 88 8376
7270 113 44 7
8663 125 119 32
4321 109 48 7234
7170 123 116 2408
7114 49 41 4364
4782 119 103 5058
6548 100 49 8663
2737 70 13 549
1234 9 63 4226
5161 21 40 3868
7103 10 117 6554
6578 73 51 7881
160 28 67 2514
4463 99 74 6755
8353 9 10 2318
4288 0 33 4027
5161 73 93 32
4926 144 98 5589
2471 105 95 472
6080 69 81 7575
5264 0 123 3117
43 71 69 1464
2384 27 101 881
4567 71 97 8568
3827 138 71 3004
1918 53 8 3877
8635 35 112 2717
2542 29 0 3989
3008 104 7 2030
7286 77 117 2878
4772 56 25 1918
1727 66 7 5057
829 43 27 563
6220 52 98 1866
8885 36 15 5486
3411 75 127 1971
6251 91 115 5827
5285 134 28 8717
2878 119 124 2348
3196 31 84 7539
3629 80 8 4322
7810 24 69 7362
7362 149 79 5076
3379 142 27 1847
460 132 109 4162
2176 103 28 3674
6982 13 102 6362
3406 24 9 8064
7085 113 108 4572
1238 88 67 2556
2296 148 96 6901
1850 110 85 1971
1882 73 7 6434
8355 142 83 7823
1847 8 111 7977
1850 13 61 7083
2408 109 70 1719
460 15 116 7944
6538 40 125 3196
7387 81 55 5109
5058 115 90 6485
3489 129 54 1619
1379 128 63 6938
5609 86 28 6578
1727 140 114 6555
7841 53 102 6040
1718 14 78 3117
1367 92 76 7286
6173 122 75 2514
8060 55 39 6295
336 124 35 5076
3674 40 83 7155
3614 41 121 1054
1716 38 98 6719
1252 135 37 5082
535 77 19 3011
4463 137 27 7507
4772 48 81 7085
8717 93 74 5840
5161 61 66 1223
54 16 120 6486
6118 22 71 3196
1082 85 129 2926
5076 96 95 8568
312 121 4 5121
635 62 59 3907
7400 62 15 2359
7265 122 46 7946
5264 109 64 7349
4288 33 107 2645
1718 82 108 1916
5082 102 39 4321
2489 85 106 8417
7977 22 100 8353
2946 93 25 3028
54 25 16 5494
3901 12 53 842
1399 145 122 7206
2946 66 8 4288
3654 123 35 3481
2878 86 19 2296
6217 128 9 4232
3196 129 80 3990
4288 33 25 3718
6289 70 112 3011
6875 14 88 3718
2630 126 44 6485
881 19 127 3687
2030 147 31 336
7114 112 122 7155
2737 77 53 7286
7178 39 126 472
3550 44 124 1893
4688 59 129 8376
3750 64 64 2088
6755 20 8 4326
8060 148 32 5058
7234 39 118 7286
8386 136 49 5074
2030 120 96 8012
6555 21 129 423
7079 60 24 5057
3265 3 50 8376
3901 146 83 3558
3907 127 34 1737
5955 10 72 8189
110 42 24 1755
7170 25 35 6719
7180 132 75 638
6444 137 29 5901
6628 61 88 6924
1082 118 46 3687
2318 117 116 7538
3068 27 66 2330
1294 37 69 3372
2471 58 99 7474
8018 124 113 3966
747 58 34 1847
635 49 61 719
5082 34 103 1040
4182 90 127 3411
2555 13 64 140
1716 46 21 3250
2294 36 96 8776
7388 63 95 2030
6840 137 88 219
7 132 95 3905
5091 67 90 4197
3436 41 71 635
4772 124 68 5609
2330 102 96 1036
7841 111 114 719
3096 27 115 5609
1265 86 12 8444
1619 58 128 4288
7079 15 89 3901
7206 14 26 852
7970 120 39 6118
7837 115 44 7400
6199 125 85 8877
5057 18 105 5595
5827 96 83 6800
1820 23 63 6822
7944 128 16 7430
2348 134 122 6548
1971 75 31 6555
3489 39 3 3710
7234 127 11 4351
8417 130 45 5784
8147 112 57 7881
4567 82 53 160
8444 44 14 8386
8555 67 26 1179
5828 30 37 1916
1223 67 1 1073
1826 69 96 460
7387 135 93 1727
418 103 124 4463
3687 27 30 7946
635 81 51 43
1820 102 81 765
7575 125 38 3436
55 136 34 2583
1755 77 29 6898
312 18 7 8064
7759 102 63 1597
6800 9 83 719
6173 122 72 8684
1223 123 112 7279
6554 135 3 2026
4321 89 58 8064
5552 102 93 219
1778 85 96 8635
1223 31 79 2583
859 86 1 2318
3143 55 9 5827
1164 125 2 7982
7982 110 97 8568
6794 104 70 1700
6901 140 110 6485
765 142 11 6538
6040 87 64 3372
623 128 3 5784
4182 12 128 1719
2176 4 46 1082
3489 144 27 5121
692 148 124 7229
5285 117 69 6040
6840 142 79 3973
8790 112 67 5566
3096 66 17 2348
7855 1 36 6548
1737 3 93 6486
5161 80 115 6758
1148 6 104 4926
116 49 61 6434
1464 106 89 279
5256 46 37 8877
7575 120 128 6049
6049 79 100 7946
8663 80 101 6485
4807 91 34 5057
3901 115 41 8717
6486 105 34 1789
3678 49 2 7538
7759 78 128 5161
4772 112 115 1826
4688 46 67 1379
7079 18 67 4129
8684 47 61 3654
1193 140 12 4027
7855 19 94 7114
2124 124 118 6224
7362 75 33 3907
1464 117 45 940
336 117 91 2294
6080 138 40 7075
1995 47 60 7808
2359 24 20 4688
5666 125 22 5082
5777 124 64 1719
8885 35 87 3973
2555 72 5 817
3028 109 117 7884
4176 18 72 6875
4979 72 0 6289
3750 85 87 4407
3614 128 54 7119
3678 109 60 6020
3076 92 21 2946
6840 64 84 6883
4197 31 82 7823
7507 28 77 829
5121 9 87 7837
1647 77 107 5827
2318 68 73 2926
5057 108 101 6883
7132 96 72 7132
5494 77 128 7939
6554 122 47 7265
2175 108 81 7823
7155 142 120 692
8355 37 93 6436
6554 96 51 1778
336 132 25 829
6295 144 85 1789
4811 51 114 8106
1148 65 23 679
7823 16 100 7823
2359 34 104 7841
6329 139 112 5057
160 79 53 1252
1073 63 102 1643
7272 124 79 8386
5558 77 104 7474
3364 32 54 4176
4364 96 4 2136
8790 55 17 1789
5350 11 49 780
2946 146 101 7939
7841 67 50 2088
6436 55 22 3678
2556 53 104 7270
7941 14 61 459
1727 67 56 2176
8417 119 31 6624
2946 101 62 2946
8790 3 82 6840
110 74 3 2296
1613 55 16 2878
5694 77 113 1916
6224 25 8 5777
5777 142 48 4688
8078 32 98 6295
8353 125 49 7507
4583 79 57 418
5057 106 102 5177
1179 11 23 6173
1179 93 83 5013
4782 13 64 5057
8064 47 2 160
7855 65 118 1148
7625 133 111 6220
8717 110 92 4268
2680 21 106 6800
3406 62 19 4232
279 87 79 7170
7180 79 0 6173
3966 74 68 6329
1230 80 128 4907
381 52 18 8189
2195 53 67 8376
7575 109 18 8717
2195 24 31 2294
7808 76 79 623
6028 88 108 377
4321 53 116 7939
6033 17 71 2408
4659 127 121 3903
6436 78 124 3973
4671 3 3 1893
4407 137 97 3489
7083 130 5 1510
7234 119 84 1826
4176 72 56 7387
7234 58 127 7144
4937 107 37 7536
817 65 0 8147
2717 91 78 4322
3687 112 32 418
460 125 39 674
8147 72 42 1381
6719 81 54 8078
7424 49 126 54
7 140 98 502
6173 19 105 1040
32 44 27 2026
4162 77 106 7841
3250 46 4 2150
1484 102 20 6901
8885 98 117 2175
1179 12 38 6755
7206 98 106 3877
7977 37 109 7279
4671 41 120 2026
4782 95 62 2543
7265 1 2 5082
1850 44 79 8568
7474 4 39 701
2946 144 25 1866
7575 15 18 6800
8790 68 84 6080
7977 10 93 8663
5558 62 29 1036
3008 18 75 2630
2555 37 109 3379
3710 57 8 5257
4129 23 78 8684
6802 11 62 312
752 42 108 2911
1036 74 121 8554
3096 109 46 5666
1179 86 64 1294
219 50 27 7
3533 33 37 7808
3364 117 7 4463
4226 5 19 6883
5595 105 74 5595
6486 111 96 140
6251 142 49 8376
4176 82 49 4971
8877 142 81 7178
502 66 54 4913
8877 149 57 6883
4979 132 114 502
1893 30 51 2105
679 62 103 5074
1727 94 23 2583
1918 137 70 7859
7810 24 81 7837
3210 133 24 535
8147 49 38 2556
674 25 87 3489
1971 69 83 833
3143 9 33 7810
5694 78 49 3710
1866 29 117 2026
3411 82 51 3678
3011 144 67 1820
7272 134 108 8885
4288 47 86 4926
2026 69 56 2889
1893 78 115 535
1727 69 102 6220
1755 8 81 4129
55 59 41 7387
6554 120 88 5271
3674 42 17 4351
6794 145 82 3250
7144 83 74 8568
7941 67 104 55
2330 38 88 6485
7083 30 40 1918
3210 30 119 8444
5262 60 126 7759
7114 113 26 719
7430 88 67 5046
2542 99 103 4685
1643 22 9 5076
3678 0 105 3558
5271 32 126 2294
6337 66 72 5828
54 142 27 5961
8060 97 128 2944
1643 57 0 1727
7952 60 99 859
4659 107 102 5784
3827 50 103 6118
32 140 128 5841
3364 17 114 7265
7759 132 39 1071
8353 50 84 1399
2150 10 109 4268
2176 59 18 6214
1054 74 26 6485
833 62 14 6794
1995 46 12 1789
7362 48 105 7
2026 20 115 6898
2556 8 39 8347
243 97 100 5961
3990 79 29 2514
6033 52 82 3481
2926 10 35 6337
4096 34 2 2926
6295 13 115 1071
6282 49 84 4685
3008 37 44 3550
3372 53 42 7234
2420 83 108 563
2630 27 126 747
1995 140 122 3710
2911 103 127 5827
5827 147 39 4960
5636 133 24 1223
1265 72 117 3210
4129 17 121 5091
1893 131 128 5177
5257 16 119 6289
8555 22 66 1193
2330 113 123 1971
3028 57 61 960
7234 127 62 6049
6554 91 8 5955
4288 79 73 6362
960 115 41 829
7855 103 110 1727
2318 75 40 6173
4926 18 101 3750
3406 120 71 3411
747 74 8 5901
140 23 60 4572
3582 96 126 1597
3166 23 99 7079
3827 113 117 6329
6220 138 53 4772
7206 87 107 2471
1238 68 14 674
4226 116 31 6229
4176 46 57 4413
719 43 109 8147
1484 138 38 7970
4731 0 129 2645
336 41 43 1971
2909 146 56 7810
7952 105 46 5076
7977 65 96 7206
7837 53 56 336
1252 21 10 2645
3250 66 13 6020
6982 93 105 635
6251 37 46 4463
6214 141 76 1484
1866 86 124 7952
6628 68 107 1866
5076 75 25 7265
3143 11 69 752
1597 93 97 7430
5694 15 6 32
3907 30 59 55
6938 118 114 3008
6214 28 62 1971
817 27 68 5589
3558 96 75 6337
1719 27 26 1778
2889 68 11 7180
4400 122 109 6982
5027 29 19 1294
160 86 65 7114
6436 35 21 7474
852 66 14 4024
5589 24 104 423
3687 80 100 5589
8790 78 66 4979
4979 110 44 3028
1238 103 4 1036
6485 42 50 7170
8877 23 96 1716
5271 148 13 3614
2489 47 4 881
1036 19 9 4567
7575 139 53 692
6822 111 83 842
110 106 47 5027
312 34 92 7474
5074 29 23 1475
3237 103 80 859
6033 46 112 1381
6295 113 6 6028
6538 28 62 1918
3687 43 77 7884
7575 58 114 1073
4024 147 68 6938
623 43 18 747
6554 129 54 8386
7952 146 92 7272
6548 149 75 6898
7132 16 86 502
940 122 117 5486
7977 114 107 5121
1082 77 59 459
6040 69 35 6875
6173 117 112 6224
1847 57 114 8376
4407 1 96 4096
535 98 61 3076
7855 89 113 5486
3058 86 118 8684
3905 35 97 7810
8666 130 61 3143
1613 123 33 8189
1367 142 7 3687
7536 0 120 6883
4461 109 64 6721
4232 4 77 701
623 125 16 4807
5271 0 14 6199
719 140 17 6802
7759 145 100 1995
3533 109 21 7103
140 94 45 2026
1847 24 60 8353
8635 113 41 3550
6028 53 55 7946
6721 132 121 6080
6758 94 11 3250
6924 12 56 7
3907 95 74 1893
3905 18 101 110
7075 134 17 3011
2909 24 61 7180
5076 73 20 6162
6924 52 48 3011
8776 49 103 6982
1623 40 62 8555
2420 86 104 549
3364 63 66 312
2213 69 74 7083
7178 16 74 377
1073 62 114 852
6578 64 60 1613
6080 71 41 1054
4926 142 32 3481
1464 109 119 1597
4937 130 83 7841
2717 71 16 3004
4232 133 23 2066
8684 69 105 5058
842 132 66 3614
1820 22 46 6118
2294 100 47 3966
6924 56 100 6719
55 46 83 2514
8147 55 27 3903
4312 13 66 5901
1230 42 43 7362
7474 118 75 684
4782 130 19 7823
6282 134 79 6924
5271 109 83 1700
3481 49 49 8060
674 116 86 817
5256 44 114 5121
7234 7 110 7507
7400 53 56 5264
1647 63 7 1193
852 126 70 7837
6938 79 83 4235
1820 128 104 4807
8717 8 33 6118
2136 14 106 377
859 105 65 472
6794 125 110 8060
6548 106 76 2878
5566 58 21 204
6434 23 57 4712
5589 108 75 8078
7132 3 121 7808
2105 104 48 7229
6049 103 124 32
1643 99 19 780
8555 12 84 2104
4567 99 43 719
1613 51 53 4288
5271 98 13 6217
7538 5 111 1820
6800 122 9 4971
7675 119 115 3687
6229 127 94 5161
829 111 85 7174
4463 62 88 7400
7675 88 113 5221
7229 141 66 5805
5312 140 93 7538
7538 91 106 3210
5355 88 35 3096
452 5 71 8183
3265 64 19 6938
6224 145 125 7178
43 70 106 1316
7400 13 35 5841
7575 19 80 5058
8552 148 69 5058
1192 92 62 3210
3901 148 41 1238
279 146 68 6673
5272 89 113 842
7178 80 82 5262
7229 57 61 1316
7474 47 17 3749
3566 29 39 5840
1399 24 48 5262
423 7 63 7270
6436 126 8 4322
1748 31 80 4807
3265 69 47 6758
2583 122 2 6938
5805 56 55 1082
279 21 54 6229
6802 117 80 3273
1164 53 124 3654
4960 87 30 4312
1995 102 115 418
