UCS
300 300
2147483388 202 254
2147483647 64 90
2000
2147483563 9 171 2147483363
2147483468 172 206 2147483577
2147483388 190 9 2147483471
2147483538 297 285 2147483632
2147483362 187 117 2147483538
2147483641 248 82 2147483388
2147483542 48 225 2147483388
2147483514 136 192 2147483553
2147483641 238 294 2147483468
2147483595 81 77 2147483362
2147483625 116 103 2147483365
2147483625 95 237 2147483553
2147483440 21 145 2147483514
2147483362 20 217 2147483468
2147483388 290 180 2147483388
2147483606 222 107 2147483416
2147483595 274 105 2147483606
2147483563 172 2 2147483396
2147483378 153 214 2147483362
2147483632 230 236 2147483553
2147483388 148 210 2147483595
2147483440 91 207 2147483514
2147483471 165 185 2147483606
2147483416 165 159 2147483388
2147483563 167 178 2147483632
2147483396 295 276 2147483486
2147483473 34 7 2147483563
2147483577 97 133 2147483625
2147483563 3 87 2147483526
2147483625 100 35 2147483595
2147483388 196 252 2147483542
2147483615 131 118 2147483388
2147483468 53 210 2147483362
2147483388 248 212 2147483577
2147483363 198 235 2147483416
2147483498 84 57 2147483378
2147483388 249 275 2147483473
2147483606 232 97 2147483471
2147483365 0 300 2147483577
2147483362 4 18 2147483620
2147483625 248 233 2147483615
2147483471 168 286 2147483423
2147483378 22 259 2147483542
2147483632 234 62 2147483385
2147483553 256 273 2147483526
2147483538 230 182 2147483553
2147483615 40 233 2147483526
2147483514 2 57 2147483563
2147483615 253 56 2147483471
2147483440 107 284 2147483468
2147483388 175 123 2147483385
2147483498 228 95 2147483388
2147483440 12 192 2147483620
2147483365 62 145 2147483388
2147483468 62 17 2147483563
2147483423 148 136 2147483641
2147483577 120 203 2147483553
2147483468 252 5 2147483514
2147483385 94 252 2147483362
2147483641 197 261 2147483577
2147483378 152 38 2147483625
2147483542 180 87 2147483641
2147483641 140 86 2147483416
2147483526 53 277 2147483620
2147483486 88 40 2147483641
2147483378 128 276 2147483526
2147483563 144 229 2147483471
2147483468 156 73 2147483363
2147483620 299 198 2147483526
2147483388 124 257 2147483625
2147483388 229 38 2147483473
2147483362 208 182 2147483538
2147483625 29 205 2147483542
2147483641 280 46 2147483514
2147483440 124 152 2147483615
2147483385 217 238 2147483388
2147483388 191 64 2147483498
2147483526 101 79 2147483514
2147483526 75 136 2147483388
2147483538 58 123 2147483632
2147483625 159 55 2147483553
2147483396 160 215 2147483396
2147483378 177 0 2147483365
2147483440 174 284 2147483486
2147483473 99 17 2147483365
2147483362 137 288 2147483577
2147483423 189 154 2147483416
2147483388 74 24 2147483595
2147483486 230 178 2147483632
2147483514 197 153 2147483514
2147483615 43 156 2147483365
2147483620 265 204 2147483514
2147483577 287 0 2147483526
2147483473 84 57 2147483473
2147483526 55 48 2147483514
2147483396 181 251 2147483563
2147483423 132 104 2147483468
2147483615 255 204 2147483641
2147483641 106 149 2147483641
2147483615 133 123 2147483577
2147483440 238 130 2147483362
2147483468 239 21 2147483473
2147483526 40 113 2147483625
2147483563 61 267 2147483563
2147483473 73 31 2147483378
2147483542 155 124 2147483471
2147483388 232 260 2147483606
2147483396 221 149 2147483473
2147483538 143 104 2147483378
2147483641 101 11 2147483362
2147483498 218 29 2147483632
2147483363 26 269 2147483378
2147483595 183 274 2147483362
2147483526 162 189 2147483577
2147483416 271 59 2147483365
2147483385 117 132 2147483620
2147483620 274 288 2147483468
2147483471 169 41 2147483388
2147483620 251 178 2147483486
2147483563 248 184 2147483385
2147483365 199 260 2147483473
2147483514 46 80 2147483538
2147483577 21 245 2147483577
2147483632 198 295 2147483606
2147483632 230 198 2147483641
2147483365 87 154 2147483363
2147483486 1 5 2147483378
2147483595 4 17 2147483615
2147483416 23 105 2147483577
2147483625 242 211 2147483553
2147483553 3 202 2147483514
2147483615 27 68 2147483641
2147483362 298 278 2147483365
2147483473 194 225 2147483378
2147483388 35 297 2147483606
2147483606 254 215 2147483396
2147483632 167 167 2147483378
2147483468 48 174 2147483378
2147483378 85 68 2147483440
2147483378 259 170 2147483440
2147483440 179 101 2147483542
2147483577 76 14 2147483577
2147483620 67 8 2147483632
2147483396 63 146 2147483620
2147483526 194 161 2147483606
2147483595 50 205 2147483363
2147483365 294 137 2147483526
2147483606 37 157 2147483486
2147483577 45 37 2147483423
2147483606 280 212 2147483486
2147483498 100 18 2147483396
2147483538 185 36 2147483388
2147483423 217 266 2147483595
2147483620 141 240 2147483625
2147483440 287 204 2147483498
2147483595 193 38 2147483595
2147483486 9 36 2147483632
2147483468 46 93 2147483440
2147483553 154 91 2147483641
2147483553 298 279 2147483615
2147483363 139 10 2147483363
2147483632 18 131 2147483606
2147483620 34 218 2147483526
2147483577 46 257 2147483563
2147483625 50 169 2147483595
2147483423 219 167 2147483388
2147483378 141 285 2147483365
2147483388 13 216 2147483577
2147483468 241 269 2147483553
2147483563 229 148 2147483615
2147483473 35 25 2147483625
2147483416 300 122 2147483365
2147483498 110 92 2147483526
2147483473 228 194 2147483388
2147483542 54 149 2147483378
2147483514 111 112 2147483363
2147483423 63 145 2147483526
2147483388 104 170 2147483388
2147483423 1 192 2147483471
2147483538 55 265 2147483542
2147483620 140 47 2147483362
2147483388 8 213 2147483365
2147483641 192 50 2147483388
2147483378 264 247 2147483362
2147483385 42 213 2147483468
2147483542 123 47 2147483498
2147483514 240 31 2147483385
2147483625 253 268 2147483625
2147483468 299 271 2147483440
2147483538 18 14 2147483440
2147483388 3 205 2147483632
2147483514 187 249 2147483440
2147483542 191 178 2147483362
2147483473 253 111 2147483362
2147483538 153 49 2147483363
2147483542 34 178 2147483468
2147483440 288 25 2147483615
2147483440 256 296 2147483577
2147483542 134 171 2147483577
2147483615 215 93 2147483595
2147483553 30 158 2147483385
2147483416 294 251 2147483620
2147483486 250 86 2147483423
2147483542 253 78 2147483423
2147483471 118 118 2147483363
2147483388 261 207 2147483542
2147483471 20 5 2147483538
2147483563 121 42 2147483486
2147483388 140 89 2147483542
2147483563 92 125 2147483378
2147483388 43 146 2147483542
2147483468 173 108 2147483471
2147483416 5 155 2147483542
2147483486 53 140 2147483563
2147483362 35 191 2147483595
2147483620 281 216 2147483473
2147483514 25 142 2147483538
2147483423 176 216 2147483625
2147483423 93 268 2147483538
2147483542 173 273 2147483632
2147483378 153 195 2147483378
2147483563 170 5 2147483625
2147483606 226 16 2147483378
2147483620 237 128 2147483625
2147483553 51 88 2147483514
2147483625 5 81 2147483396
2147483473 284 145 2147483385
2147483595 190 250 2147483498
2147483620 14 97 2147483385
2147483473 117 131 2147483468
2147483615 263 62 2147483526
2147483498 163 264 2147483396
2147483388 209 13 2147483595
2147483471 186 71 2147483595
2147483542 237 31 2147483514
2147483486 106 19 2147483563
2147483362 255 224 2147483440
2147483471 86 295 2147483396
2147483363 279 113 2147483440
2147483362 169 249 2147483385
2147483468 52 167 2147483440
2147483498 195 261 2147483620
2147483526 133 234 2147483365
2147483641 46 98 2147483615
2147483385 65 128 2147483595
2147483526 77 41 2147483553
2147483595 170 5 2147483473
2147483363 79 269 2147483563
2147483563 158 19 2147483514
2147483625 254 99 2147483620
2147483620 26 155 2147483471
2147483632 43 20 2147483385
2147483416 247 30 2147483388
2147483423 3 156 2147483641
2147483498 290 226 2147483625
2147483388 17 94 2147483632
2147483385 46 187 2147483473
2147483396 275 174 2147483362
2147483641 18 54 2147483615
2147483396 151 43 2147483440
2147483625 118 71 2147483577
2147483396 100 290 2147483563
2147483615 266 143 2147483385
2147483625 265 148 2147483365
2147483363 122 128 2147483388
2147483423 218 40 2147483363
2147483385 233 283 2147483542
2147483388 31 66 2147483388
2147483632 143 264 2147483396
2147483577 149 21 2147483363
2147483641 279 295 2147483595
2147483473 155 38 2147483577
2147483538 122 244 2147483538
2147483538 269 277 2147483538
2147483526 165 198 2147483385
2147483538 205 203 2147483538
2147483388 294 201 2147483641
2147483423 62 84 2147483625
2147483641 233 187 2147483363
2147483388 123 49 2147483563
2147483416 226 299 2147483423
2147483538 134 14 2147483498
2147483641 152 210 2147483542
2147483542 274 264 2147483526
2147483632 253 216 2147483514
2147483641 294 102 2147483363
2147483553 260 10 2147483563
2147483542 257 257 2147483563
2147483486 45 32 2147483468
2147483423 152 151 2147483471
2147483486 199 175 2147483542
2147483595 299 100 2147483396
2147483468 100 141 2147483563
2147483632 251 206 2147483388
2147483514 18 197 2147483606
2147483577 74 9 2147483416
2147483440 132 218 2147483632
2147483363 88 142 2147483363
2147483473 137 130 2147483625
2147483538 2 298 2147483416
2147483363 133 121 2147483606
2147483362 24 97 2147483468
2147483440 207 134 2147483538
2147483378 210 138 2147483526
2147483595 110 56 2147483468
2147483378 105 286 2147483625
2147483625 288 186 2147483365
2147483542 24 203 2147483620
2147483498 53 135 2147483615
2147483498 99 194 2147483606
2147483385 98 24 2147483365
2147483526 294 279 2147483632
2147483471 287 170 2147483473
2147483473 288 19 2147483378
2147483632 57 43 2147483362
2147483553 227 76 2147483498
2147483498 130 212 2147483365
2147483632 266 162 2147483471
2147483416 283 113 2147483538
2147483625 257 16 2147483595
2147483416 262 258 2147483440
2147483498 157 270 2147483423
2147483396 97 170 2147483563
2147483365 62 235 2147483423
2147483363 206 204 2147483538
2147483553 278 86 2147483620
2147483620 29 56 2147483606
2147483416 157 3 2147483473
2147483468 290 78 2147483498
2147483553 73 69 2147483538
2147483416 205 227 2147483563
2147483542 277 43 2147483468
2147483542 136 27 2147483378
2147483365 181 78 2147483363
2147483362 54 272 2147483440
2147483473 175 8 2147483486
2147483542 133 216 2147483632
2147483625 296 169 2147483498
2147483473 68 276 2147483473
2147483385 55 55 2147483416
2147483625 283 5 2147483563
2147483514 22 169 2147483363
2147483362 148 220 2147483632
2147483615 172 197 2147483468
2147483362 124 38 2147483388
2147483641 39 165 2147483542
2147483378 275 39 2147483388
2147483388 64 283 2147483526
2147483498 194 227 2147483440
2147483473 75 266 2147483553
2147483363 260 261 2147483538
2147483396 86 272 2147483388
2147483468 107 117 2147483620
2147483577 177 191 2147483615
2147483498 263 191 2147483416
2147483615 169 99 2147483365
2147483468 60 62 2147483641
2147483498 24 74 2147483440
2147483396 292 65 2147483538
2147483625 188 60 2147483396
2147483440 91 175 2147483363
2147483468 119 273 2147483563
2147483471 34 281 2147483486
2147483606 131 97 2147483632
2147483385 260 221 2147483365
2147483526 75 17 2147483542
2147483606 267 78 2147483641
2147483423 26 183 2147483563
2147483563 175 256 2147483385
2147483625 226 47 2147483514
2147483363 224 103 2147483595
2147483514 18 75 2147483553
2147483440 25 12 2147483514
2147483388 256 9 2147483606
2147483468 263 249 2147483620
2147483416 51 227 2147483486
2147483423 156 58 2147483514
2147483538 239 62 2147483363
2147483365 138 7 2147483632
2147483514 84 60 2147483606
2147483632 186 289 2147483473
2147483423 19 190 2147483378
2147483595 210 224 2147483625
2147483498 83 18 2147483606
2147483471 53 128 2147483471
2147483388 72 181 2147483514
2147483498 208 223 2147483514
2147483542 240 144 2147483595
2147483471 240 246 2147483385
2147483423 268 121 2147483440
2147483396 271 80 2147483606
2147483498 78 71 2147483615
2147483423 122 266 2147483378
2147483365 151 185 2147483538
2147483486 185 219 2147483498
2147483641 251 248 2147483606
2147483625 90 76 2147483473
2147483641 5 22 2147483514
2147483538 7 270 2147483641
2147483542 31 30 2147483396
2147483365 281 257 2147483514
2147483362 69 234 2147483563
2147483553 34 228 2147483473
2147483553 46 177 2147483365
2147483514 147 110 2147483563
2147483440 280 109 2147483542
2147483440 38 244 2147483615
2147483632 146 273 2147483388
2147483468 112 59 2147483388
2147483378 77 147 2147483620
2147483423 166 211 2147483396
2147483553 258 75 2147483385
2147483385 152 238 2147483362
2147483471 18 227 2147483363
2147483388 215 14 2147483396
2147483388 11 282 2147483362
2147483416 172 152 2147483362
2147483388 264 63 2147483362
2147483632 231 54 2147483606
2147483473 217 77 2147483471
2147483440 254 134 2147483385
2147483632 118 129 2147483563
2147483641 220 179 2147483595
2147483388 260 234 2147483468
2147483606 217 161 2147483396
2147483595 253 174 2147483396
2147483606 25 19 2147483553
2147483385 155 136 2147483538
2147483538 170 83 2147483577
2147483542 114 242 2147483363
2147483641 133 171 2147483362
2147483577 93 185 2147483365
2147483388 74 75 2147483468
2147483363 289 74 2147483625
2147483365 195 150 2147483526
2147483362 140 179 2147483577
2147483542 291 172 2147483606
2147483641 120 196 2147483473
2147483498 38 95 2147483473
2147483423 121 115 2147483577
2147483378 235 260 2147483620
2147483440 241 109 2147483363
2147483471 174 146 2147483595
2147483388 73 192 2147483542
2147483606 266 133 2147483471
2147483538 17 269 2147483526
2147483486 261 250 2147483471
2147483486 2 250 2147483542
2147483625 100 27 2147483632
2147483440 217 290 2147483615
2147483620 155 102 2147483416
2147483498 268 257 2147483388
2147483473 31 141 2147483468
2147483423 142 210 2147483615
2147483473 146 95 2147483396
2147483471 27 168 2147483641
2147483473 195 115 2147483388
2147483423 16 300 2147483641
2147483385 6 25 2147483385
2147483595 244 281 2147483595
2147483498 119 8 2147483388
2147483595 27 72 2147483365
2147483595 259 155 2147483538
2147483615 133 13 2147483620
2147483385 197 261 2147483625
2147483388 292 201 2147483542
2147483440 44 65 2147483416
2147483468 36 226 2147483396
2147483615 42 275 2147483471
2147483526 231 242 2147483553
2147483538 198 101 2147483416
2147483471 66 33 2147483563
2147483620 84 289 2147483641
2147483396 58 260 2147483473
2147483641 233 226 2147483514
2147483365 299 182 2147483473
2147483606 176 48 2147483498
2147483440 120 23 2147483577
2147483471 217 254 2147483378
2147483388 220 38 2147483538
2147483615 76 85 2147483514
2147483362 192 225 2147483363
2147483486 90 174 2147483416
2147483620 81 268 2147483396
2147483553 128 193 2147483471
2147483378 287 255 2147483378
2147483595 73 102 2147483625
2147483606 260 225 2147483486
2147483606 76 43 2147483416
2147483440 22 208 2147483632
2147483468 290 287 2147483362
2147483473 114 35 2147483625
2147483440 96 113 2147483385
2147483423 64 124 2147483526
2147483378 260 250 2147483620
2147483486 174 136 2147483471
2147483416 283 231 2147483538
2147483423 20 82 2147483473
2147483538 166 84 2147483553
2147483542 218 166 2147483632
2147483388 299 245 2147483498
2147483473 194 296 2147483416
2147483468 236 113 2147483577
2147483577 78 164 2147483498
2147483641 18 261 2147483641
2147483620 75 289 2147483577
2147483378 82 133 2147483362
2147483553 198 7 2147483486
2147483440 59 13 2147483473
2147483365 86 91 2147483563
2147483542 146 41 2147483514
2147483473 89 40 2147483396
2147483641 62 243 2147483641
2147483625 162 167 2147483563
2147483471 183 300 2147483471
2147483362 217 287 2147483538
2147483440 232 96 2147483468
2147483542 238 56 2147483542
2147483440 111 56 2147483396
2147483606 267 80 2147483388
2147483471 117 265 2147483365
2147483468 159 45 2147483577
2147483577 208 97 2147483385
2147483416 46 125 2147483595
2147483538 218 263 2147483632
2147483471 173 261 2147483563
2147483595 246 63 2147483385
2147483471 62 52 2147483526
2147483416 14 277 2147483620
2147483468 229 279 2147483471
2147483615 160 18 2147483423
2147483486 197 253 2147483396
2147483514 64 28 2147483498
2147483606 64 8 2147483416
2147483416 39 126 2147483641
2147483595 253 281 2147483388
2147483378 192 25 2147483362
2147483440 67 67 2147483498
2147483538 183 134 2147483514
2147483498 203 198 2147483526
2147483620 131 70 2147483416
2147483363 201 234 2147483365
2147483385 261 233 2147483385
2147483641 14 226 2147483553
2147483577 150 172 2147483514
2147483632 198 119 2147483423
2147483577 281 185 2147483542
2147483388 161 135 2147483514
2147483362 250 176 2147483514
2147483378 165 297 2147483553
2147483553 225 122 2147483514
2147483542 64 45 2147483440
2147483378 10 94 2147483542
2147483526 151 79 2147483615
2147483595 217 129 2147483514
2147483388 77 64 2147483385
2147483365 52 176 2147483378
2147483625 293 84 2147483625
2147483396 244 274 2147483423
2147483365 141 228 2147483620
2147483440 20 231 2147483363
2147483363 249 283 2147483365
2147483632 0 261 2147483362
2147483388 299 12 2147483471
2147483363 157 70 2147483577
2147483563 161 188 2147483396
2147483471 53 40 2147483514
2147483542 33 229 2147483563
2147483473 141 272 2147483471
2147483486 22 292 2147483471
2147483641 2 158 2147483632
2147483363 100 24 2147483365
2147483632 296 288 2147483553
2147483514 152 66 2147483595
2147483577 9 258 2147483498
2147483620 95 51 2147483388
2147483468 163 2 2147483625
2147483365 111 114 2147483486
2147483526 27 9 2147483473
2147483473 225 228 2147483632
2147483385 265 249 2147483620
2147483606 242 21 2147483632
2147483553 239 189 2147483440
2147483388 195 82 2147483388
2147483641 16 162 2147483388
2147483498 296 198 2147483396
2147483388 171 191 2147483526
2147483498 129 203 2147483542
2147483440 79 115 2147483563
2147483365 281 266 2147483606
2147483542 130 152 2147483625
2147483440 266 86 2147483563
2147483378 98 75 2147483385
2147483362 183 189 2147483416
2147483423 224 283 2147483542
2147483498 149 64 2147483388
2147483620 23 131 2147483473
2147483632 53 114 2147483620
2147483577 70 149 2147483514
2147483563 211 84 2147483542
2147483641 69 116 2147483473
2147483473 258 269 2147483577
2147483416 6 65 2147483542
2147483606 159 145 2147483498
2147483416 63 267 2147483542
2147483632 67 77 2147483440
2147483486 4 135 2147483365
2147483385 132 254 2147483473
2147483498 197 227 2147483471
2147483473 23 120 2147483468
2147483498 176 1 2147483498
2147483563 74 209 2147483538
2147483577 148 71 2147483468
2147483625 269 127 2147483620
2147483385 190 277 2147483577
2147483385 113 135 2147483620
2147483632 179 244 2147483378
2147483620 174 4 2147483471
2147483388 55 29 2147483526
2147483396 279 87 2147483595
2147483423 85 183 2147483471
2147483385 141 97 2147483615
2147483388 15 240 2147483362
2147483486 6 206 2147483473
2147483388 249 211 2147483378
2147483363 62 282 2147483553
2147483641 95 168 2147483606
2147483385 271 1 2147483365
2147483471 122 200 2147483526
2147483385 198 62 2147483486
2147483514 197 94 2147483615
2147483542 205 234 2147483498
2147483553 230 127 2147483632
2147483641 191 200 2147483396
2147483396 110 272 2147483632
2147483362 0 232 2147483577
2147483553 13 184 2147483486
2147483538 96 79 2147483632
2147483542 31 233 2147483620
2147483362 10 180 2147483362
2147483526 185 250 2147483468
2147483388 289 194 2147483606
2147483553 153 192 2147483620
2147483378 127 136 2147483378
2147483473 169 244 2147483615
2147483498 284 224 2147483526
2147483538 165 89 2147483378
2147483388 129 101 2147483542
2147483416 171 287 2147483632
2147483385 208 158 2147483473
2147483563 263 273 2147483486
2147483486 219 211 2147483563
2147483606 193 14 2147483388
2147483615 177 61 2147483514
2147483388 288 20 2147483473
2147483378 265 189 2147483362
2147483468 258 136 2147483615
2147483385 58 9 2147483486
2147483471 230 79 2147483365
2147483471 205 282 2147483362
2147483385 200 274 2147483620
2147483542 88 95 2147483388
2147483577 270 123 2147483620
2147483468 84 218 2147483468
2147483486 242 199 2147483615
2147483553 162 260 2147483542
2147483553 179 242 2147483538
2147483615 273 204 2147483514
2147483363 6 296 2147483423
2147483526 6 261 2147483378
2147483606 223 68 2147483542
2147483416 19 270 2147483615
2147483388 235 270 2147483553
2147483563 154 107 2147483577
2147483553 200 164 2147483526
2147483423 268 201 2147483416
2147483632 33 172 2147483473
2147483486 238 82 2147483606
2147483577 195 152 2147483423
2147483553 78 167 2147483468
2147483595 0 187 2147483385
2147483595 226 195 2147483363
2147483486 230 249 2147483473
2147483362 159 147 2147483385
2147483632 215 288 2147483423
2147483396 243 27 2147483363
2147483542 211 252 2147483378
2147483526 299 260 2147483388
2147483514 87 295 2147483563
2147483538 83 146 2147483385
2147483620 270 15 2147483553
2147483577 111 251 2147483526
2147483486 238 144 2147483498
2147483486 183 184 2147483553
2147483365 290 37 2147483625
2147483423 17 275 2147483542
2147483538 67 178 2147483416
2147483440 202 234 2147483486
2147483620 118 51 2147483396
2147483363 65 128 2147483468
2147483625 253 235 2147483486
2147483486 57 195 2147483595
2147483595 114 144 2147483486
2147483620 1 156 2147483378
2147483595 203 97 2147483440
2147483553 12 286 2147483577
2147483595 31 50 2147483486
2147483595 19 246 2147483440
2147483641 214 214 2147483388
2147483378 127 163 2147483363
2147483563 75 9 2147483378
2147483625 241 190 2147483625
2147483486 47 204 2147483378
2147483416 13 228 2147483615
2147483553 224 174 2147483498
2147483595 138 134 2147483625
2147483632 27 124 2147483615
2147483542 87 288 2147483388
2147483563 110 1 2147483625
2147483514 136 153 2147483378
2147483473 163 154 2147483378
2147483615 56 146 2147483388
2147483440 191 187 2147483423
2147483595 160 78 2147483388
2147483416 263 13 2147483641
2147483385 127 277 2147483563
2147483471 257 121 2147483440
2147483440 37 11 2147483396
2147483473 241 124 2147483388
2147483362 236 245 2147483553
2147483473 257 31 2147483363
2147483542 240 193 2147483641
2147483471 151 235 2147483577
2147483514 281 134 2147483625
2147483471 54 264 2147483620
2147483620 70 99 2147483388
2147483440 64 123 2147483620
2147483498 119 48 2147483577
2147483595 15 225 2147483620
2147483363 300 0 2147483416
2147483542 76 145 2147483620
2147483473 138 111 2147483553
2147483363 5 71 2147483440
2147483388 292 11 2147483625
2147483416 133 295 2147483385
2147483563 106 282 2147483526
2147483423 103 119 2147483563
2147483577 295 258 2147483468
2147483563 173 281 2147483365
2147483388 4 238 2147483468
2147483526 0 254 2147483385
2147483538 166 292 2147483514
2147483471 192 241 2147483396
2147483363 208 216 2147483632
2147483473 183 275 2147483363
2147483625 128 140 2147483362
2147483641 245 85 2147483625
2147483385 82 9 2147483388
2147483526 14 289 2147483563
2147483388 153 61 2147483606
2147483473 12 69 2147483363
2147483615 282 2 2147483498
2147483620 17 99 2147483498
2147483615 71 25 2147483385
2147483538 82 191 2147483423
2147483473 231 278 2147483498
2147483620 300 266 2147483498
2147483615 293 143 2147483362
2147483514 239 146 2147483378
2147483641 152 68 2147483542
2147483362 86 223 2147483641
2147483615 8 195 2147483440
2147483473 138 182 2147483625
2147483595 230 222 2147483440
2147483553 292 55 2147483632
2147483577 16 57 2147483542
2147483641 224 249 2147483595
2147483440 151 83 2147483498
2147483625 75 97 2147483486
2147483486 133 271 2147483553
2147483388 162 74 2147483595
2147483388 59 189 2147483440
2147483538 30 283 2147483486
2147483577 94 11 2147483385
2147483632 242 209 2147483416
2147483625 286 63 2147483563
2147483625 204 16 2147483486
2147483440 15 37 2147483378
2147483365 141 283 2147483396
2147483632 9 173 2147483471
2147483625 8 274 2147483378
2147483385 294 295 2147483423
2147483563 16 214 2147483440
2147483542 40 242 2147483563
2147483440 259 225 2147483363
2147483468 259 47 2147483498
2147483577 199 127 2147483563
2147483388 254 105 2147483538
2147483396 155 106 2147483538
2147483595 296 198 2147483553
2147483620 248 190 2147483473
2147483385 133 10 2147483625
2147483632 151 49 2147483563
2147483632 128 174 2147483440
2147483625 136 126 2147483486
2147483563 23 284 2147483473
2147483440 43 73 2147483388
2147483396 185 58 2147483632
2147483362 27 139 2147483595
2147483641 8 29 2147483641
2147483378 152 53 2147483396
2147483440 196 219 2147483385
2147483365 270 104 2147483641
2147483526 176 120 2147483416
2147483553 183 217 2147483486
2147483388 273 275 2147483625
2147483486 28 241 2147483363
2147483378 181 140 2147483538
2147483363 113 25 2147483416
2147483416 123 169 2147483385
2147483486 126 232 2147483440
2147483595 215 50 2147483468
2147483378 291 229 2147483486
2147483615 98 278 2147483538
2147483632 194 135 2147483595
2147483498 96 290 2147483526
2147483526 232 148 2147483388
2147483471 291 205 2147483553
2147483595 165 26 2147483473
2147483620 83 279 2147483473
2147483388 90 151 2147483423
2147483471 131 43 2147483526
2147483632 185 270 2147483365
2147483606 178 28 2147483563
2147483378 300 215 2147483526
2147483486 185 215 2147483595
2147483362 224 230 2147483468
2147483563 254 89 2147483365
2147483606 269 280 2147483577
2147483641 258 190 2147483514
2147483563 219 201 2147483615
2147483385 110 298 2147483606
2147483362 167 129 2147483641
2147483538 287 297 2147483641
2147483468 144 280 2147483498
2147483416 128 285 2147483606
2147483416 198 98 2147483388
2147483514 4 81 2147483388
2147483577 219 100 2147483563
2147483471 194 86 2147483362
2147483577 248 5 2147483365
2147483498 16 277 2147483423
2147483606 1 221 2147483514
2147483416 160 108 2147483615
2147483577 36 273 2147483595
2147483378 67 131 2147483577
2147483526 17 93 2147483416
2147483620 298 180 2147483486
2147483423 297 171 2147483365
2147483542 31 117 2147483385
2147483468 49 2 2147483563
2147483440 289 110 2147483538
2147483363 44 113 2147483388
2147483606 277 66 2147483606
2147483625 97 30 2147483606
2147483471 115 244 2147483396
2147483416 5 264 2147483514
2147483498 142 250 2147483563
2147483577 77 245 2147483577
2147483577 171 297 2147483632
2147483620 253 132 2147483473
2147483538 158 278 2147483416
2147483423 272 5 2147483542
2147483563 189 204 2147483416
2147483362 65 167 2147483473
2147483542 275 254 2147483486
2147483641 227 113 2147483553
2147483641 32 154 2147483514
2147483486 158 220 2147483363
2147483625 92 298 2147483363
2147483423 96 160 2147483385
2147483468 259 22 2147483641
2147483620 126 198 2147483553
2147483486 260 253 2147483606
2147483385 229 168 2147483486
2147483553 115 9 2147483486
2147483423 103 163 2147483577
2147483615 262 83 2147483363
2147483632 298 159 2147483641
2147483486 203 16 2147483378
2147483514 237 300 2147483396
2147483471 107 60 2147483473
2147483625 10 13 2147483468
2147483632 17 58 2147483396
2147483615 253 229 2147483486
2147483632 249 201 2147483620
2147483416 293 107 2147483416
2147483538 263 62 2147483577
2147483440 240 231 2147483486
2147483378 269 218 2147483526
2147483595 72 272 2147483388
2147483632 240 129 2147483632
2147483363 290 300 2147483615
2147483378 52 222 2147483388
2147483641 84 96 2147483538
2147483595 226 156 2147483385
2147483396 178 126 2147483577
2147483498 210 145 2147483632
2147483620 217 74 2147483563
2147483423 290 195 2147483388
2147483388 198 37 2147483378
2147483563 192 292 2147483416
2147483514 145 237 2147483396
2147483577 115 143 2147483486
2147483471 61 56 2147483388
2147483538 194 184 2147483471
2147483365 188 243 2147483416
2147483563 289 169 2147483486
2147483385 203 152 2147483514
2147483615 120 137 2147483641
2147483473 14 248 2147483473
2147483553 238 297 2147483526
2147483498 252 7 2147483514
2147483362 277 255 2147483595
2147483388 62 134 2147483362
2147483615 38 24 2147483620
2147483514 176 228 2147483542
2147483378 218 81 2147483625
2147483514 105 22 2147483526
2147483363 26 234 2147483385
2147483388 34 53 2147483362
2147483542 14 299 2147483577
2147483542 290 44 2147483606
2147483595 162 256 2147483388
2147483615 53 264 2147483423
2147483388 53 125 2147483563
2147483577 167 119 2147483641
2147483526 42 104 2147483468
2147483606 252 9 2147483363
2147483378 189 246 2147483363
2147483641 234 116 2147483363
2147483378 14 88 2147483468
2147483378 64 263 2147483423
2147483416 1 108 2147483468
2147483542 194 79 2147483632
2147483363 250 255 2147483542
2147483526 146 266 2147483553
2147483514 277 82 2147483620
2147483577 162 44 2147483378
2147483471 238 250 2147483471
2147483498 146 81 2147483468
2147483625 206 24 2147483440
2147483514 13 139 2147483514
2147483388 157 262 2147483498
2147483440 280 290 2147483606
2147483388 294 52 2147483632
2147483620 230 286 2147483471
2147483641 132 276 2147483620
2147483396 259 261 2147483396
2147483625 121 150 2147483473
2147483526 180 108 2147483615
2147483625 168 212 2147483486
2147483641 108 164 2147483538
2147483625 242 97 2147483468
2147483362 151 138 2147483365
2147483632 37 101 2147483542
2147483486 205 236 2147483471
2147483388 38 189 2147483440
2147483625 266 204 2147483396
2147483416 93 32 2147483577
2147483388 152 71 2147483416
2147483471 9 10 2147483606
2147483498 188 131 2147483486
2147483396 291 132 2147483440
2147483563 64 122 2147483498
2147483473 79 275 2147483363
2147483363 101 139 2147483363
2147483362 45 232 2147483396
2147483641 224 68 2147483615
2147483563 3 69 2147483396
2147483620 240 35 2147483423
2147483526 127 292 2147483468
2147483440 153 165 2147483498
2147483486 271 243 2147483486
2147483641 99 177 2147483365
2147483577 67 227 2147483563
2147483577 85 46 2147483563
2147483641 270 77 2147483473
2147483365 31 171 2147483396
2147483606 289 262 2147483615
2147483388 56 85 2147483625
2147483595 35 131 2147483595
2147483365 171 257 2147483378
2147483606 138 193 2147483632
2147483514 63 5 2147483606
2147483473 150 13 2147483365
2147483526 271 169 2147483526
2147483595 138 119 2147483526
2147483498 96 205 2147483468
2147483471 26 40 2147483632
2147483440 169 171 2147483625
2147483471 75 141 2147483620
2147483538 175 43 2147483423
2147483563 42 260 2147483440
2147483362 278 51 2147483542
2147483440 93 285 2147483416
2147483542 104 293 2147483620
2147483526 176 95 2147483471
2147483577 147 281 2147483388
2147483526 224 189 2147483365
2147483615 227 271 2147483526
2147483423 253 241 2147483514
2147483468 19 218 2147483595
2147483396 157 221 2147483473
2147483577 210 32 2147483396
2147483396 13 229 2147483615
2147483423 233 171 2147483385
2147483498 271 247 2147483388
2147483388 199 289 2147483538
2147483388 133 255 2147483471
2147483641 152 105 2147483606
2147483526 178 50 2147483514
2147483615 185 134 2147483542
2147483378 156 90 2147483595
2147483363 114 270 2147483388
2147483538 253 214 2147483468
2147483526 80 242 2147483365
2147483498 214 64 2147483620
2147483606 121 259 2147483514
2147483514 139 85 2147483641
2147483416 45 1 2147483396
2147483526 40 230 2147483641
2147483423 90 251 2147483473
2147483385 75 92 2147483577
2147483632 112 32 2147483385
2147483577 110 40 2147483471
2147483362 210 209 2147483486
2147483615 145 140 2147483563
2147483542 104 135 2147483388
2147483486 64 207 2147483388
2147483388 246 44 2147483365
2147483641 208 165 2147483473
2147483486 212 125 2147483365
2147483542 3 203 2147483542
2147483625 29 74 2147483365
2147483423 274 105 2147483473
2147483468 71 195 2147483388
2147483423 179 56 2147483388
2147483563 84 166 2147483615
2147483538 139 143 2147483514
2147483553 109 49 2147483378
2147483440 233 126 2147483526
2147483553 10 257 2147483388
2147483388 214 120 2147483486
2147483362 103 75 2147483526
2147483378 224 177 2147483632
2147483471 86 111 2147483625
2147483365 125 75 2147483468
2147483468 152 119 2147483563
2147483362 181 105 2147483473
2147483440 223 261 2147483388
2147483606 172 160 2147483471
2147483514 47 96 2147483363
2147483563 247 249 2147483486
2147483625 121 132 2147483498
2147483577 44 106 2147483471
2147483625 74 151 2147483641
2147483416 293 196 2147483396
2147483388 263 143 2147483563
2147483362 232 236 2147483362
2147483625 49 103 2147483606
2147483606 154 188 2147483542
2147483385 237 37 2147483641
2147483486 220 132 2147483625
2147483625 210 136 2147483473
2147483388 34 176 2147483514
2147483388 128 258 2147483468
2147483606 209 82 2147483538
2147483498 115 182 2147483542
2147483577 91 251 2147483471
2147483542 83 101 2147483526
2147483632 255 206 2147483388
2147483416 198 249 2147483471
2147483473 234 200 2147483526
2147483498 203 233 2147483385
2147483553 205 162 2147483606
2147483486 201 119 2147483625
2147483563 268 25 2147483606
2147483514 146 99 2147483606
2147483606 140 180 2147483595
2147483553 279 61 2147483498
2147483365 261 110 2147483498
2147483363 188 281 2147483563
2147483363 278 88 2147483606
2147483365 134 59 2147483362
2147483553 278 191 2147483365
2147483563 106 201 2147483473
2147483385 143 136 2147483563
2147483514 207 225 2147483514
2147483363 19 151 2147483473
2147483473 97 194 2147483577
2147483632 45 165 2147483471
2147483471 198 52 2147483388
2147483388 293 76 2147483615
2147483538 115 89 2147483577
2147483362 298 292 2147483365
2147483563 65 25 2147483538
2147483606 99 177 2147483473
2147483632 7 173 2147483632
2147483625 47 48 2147483423
2147483416 180 274 2147483625
2147483577 64 195 2147483538
2147483362 197 250 2147483396
2147483486 149 211 2147483538
2147483498 64 97 2147483423
2147483388 264 239 2147483365
2147483416 242 166 2147483606
2147483473 157 198 2147483625
2147483620 259 22 2147483615
2147483440 54 163 2147483385
2147483423 86 184 2147483542
2147483440 271 219 2147483468
2147483514 213 36 2147483473
2147483625 0 151 2147483632
2147483416 208 220 2147483620
2147483396 46 271 2147483538
2147483365 137 253 2147483385
2147483468 148 53 2147483486
2147483615 77 36 2147483563
2147483385 190 275 2147483606
2147483625 37 292 2147483542
2147483625 210 22 2147483363
2147483620 20 1 2147483378
2147483563 165 263 2147483362
2147483538 85 155 2147483396
2147483553 56 135 2147483378
2147483577 40 142 2147483620
2147483473 195 24 2147483486
2147483363 214 41 2147483526
2147483486 146 172 2147483363
2147483378 111 68 2147483625
2147483625 298 205 2147483620
2147483416 42 135 2147483388
2147483440 101 107 2147483468
2147483440 254 7 2147483388
2147483396 117 206 2147483471
2147483385 218 35 2147483625
2147483440 46 150 2147483468
2147483416 200 103 2147483542
2147483365 68 234 2147483538
2147483563 59 6 2147483632
2147483625 269 166 2147483606
2147483615 53 2 2147483385
2147483632 137 202 2147483388
2147483365 166 177 2147483498
2147483625 127 259 2147483416
2147483471 227 40 2147483396
2147483620 24 293 2147483486
2147483468 175 14 2147483468
2147483362 213 82 2147483396
2147483388 257 256 2147483538
2147483538 144 60 2147483363
2147483385 248 7 2147483625
2147483514 166 192 2147483473
2147483468 272 108 2147483388
2147483385 109 251 2147483362
2147483365 127 89 2147483615
2147483606 208 2 2147483615
2147483595 180 55 2147483542
2147483471 25 53 2147483606
2147483471 81 180 2147483378
2147483473 41 153 2147483563
2147483577 36 280 2147483486
2147483641 72 286 2147483363
2147483363 187 132 2147483595
2147483538 66 291 2147483468
2147483396 172 257 2147483365
2147483423 29 254 2147483632
2147483538 38 11 2147483538
2147483538 137 214 2147483471
2147483563 90 274 2147483538
2147483538 270 291 2147483632
2147483606 195 64 2147483473
2147483362 253 3 2147483388
2147483416 183 135 2147483641
2147483378 74 109 2147483416
2147483385 245 7 2147483473
2147483641 154 215 2147483416
2147483542 86 247 2147483468
2147483620 99 152 2147483563
2147483388 91 270 2147483606
2147483615 18 56 2147483468
2147483396 119 265 2147483625
2147483553 178 230 2147483620
2147483542 264 119 2147483365
2147483538 197 238 2147483440
2147483365 185 109 2147483615
2147483514 102 102 2147483468
2147483365 58 108 2147483416
2147483514 172 125 2147483473
2147483416 103 208 2147483423
2147483553 277 21 2147483423
2147483388 232 274 2147483577
2147483486 56 17 2147483615
2147483615 161 165 2147483625
2147483378 211 231 2147483641
2147483440 163 182 2147483388
2147483577 162 51 2147483396
2147483486 208 163 2147483641
2147483396 159 59 2147483423
2147483625 122 12 2147483577
2147483577 254 248 2147483625
2147483388 107 295 2147483385
2147483615 32 265 2147483385
2147483606 128 277 2147483362
2147483365 272 271 2147483526
2147483514 62 6 2147483632
2147483378 300 202 2147483641
2147483625 77 240 2147483440
2147483615 168 56 2147483363
2147483606 9 23 2147483385
2147483563 192 151 2147483385
2147483514 93 140 2147483632
2147483388 280 61 2147483641
2147483632 26 278 2147483396
2147483641 62 19 2147483498
2147483365 4 50 2147483388
2147483538 277 273 2147483538
2147483625 99 168 2147483388
2147483498 289 5 2147483423
2147483498 83 229 2147483542
2147483625 170 60 2147483440
2147483423 1 135 2147483538
2147483577 107 1 2147483620
2147483632 19 242 2147483378
2147483440 248 65 2147483577
2147483385 78 202 2147483641
2147483542 184 67 2147483526
2147483620 16 149 2147483471
2147483378 283 236 2147483416
2147483538 65 192 2147483362
2147483526 14 193 2147483423
2147483388 50 10 2147483641
2147483620 70 149 2147483595
2147483563 42 82 2147483625
2147483632 274 123 2147483365
2147483606 205 242 2147483553
2147483625 121 268 2147483362
2147483388 230 106 2147483563
2147483468 88 227 2147483595
2147483385 116 162 2147483362
2147483514 55 114 2147483388
2147483385 147 296 2147483471
2147483423 40 178 2147483498
2147483606 13 19 2147483473
2147483514 283 287 2147483468
2147483615 278 127 2147483514
2147483542 245 158 2147483606
2147483595 77 223 2147483542
2147483577 58 146 2147483486
2147483416 107 161 2147483473
2147483577 283 258 2147483606
2147483577 120 160 2147483526
2147483423 102 97 2147483620
2147483563 4 275 2147483577
2147483606 29 274 2147483378
2147483641 190 45 2147483526
2147483440 200 284 2147483468
2147483362 292 67 2147483577
2147483365 82 25 2147483363
2147483632 266 242 2147483378
2147483625 265 204 2147483363
2147483526 293 22 2147483473
2147483365 93 257 2147483385
2147483625 27 29 2147483423
2147483563 193 266 2147483388
2147483378 243 82 2147483625
2147483365 50 32 2147483423
2147483388 168 185 2147483388
2147483468 188 61 2147483498
2147483486 148 285 2147483385
2147483620 29 94 2147483563
2147483514 33 132 2147483396
2147483641 140 128 2147483563
2147483606 46 256 2147483362
2147483363 96 228 2147483606
2147483641 0 117 2147483396
2147483486 7 205 2147483538
2147483526 180 66 2147483473
2147483538 192 26 2147483641
2147483363 42 80 2147483620
2147483473 31 140 2147483396
2147483542 69 51 2147483526
2147483388 279 166 2147483542
2147483606 294 183 2147483363
2147483615 161 97 2147483615
2147483388 293 206 2147483577
2147483641 254 30 2147483416
2147483615 255 272 2147483416
2147483473 195 265 2147483514
2147483542 239 14 2147483498
2147483423 119 55 2147483365
2147483542 246 48 2147483542
2147483641 59 25 2147483542
2147483362 54 74 2147483416
2147483468 72 189 2147483498
2147483498 198 8 2147483365
2147483641 258 89 2147483615
2147483423 131 248 2147483538
2147483396 128 104 2147483423
2147483362 83 209 2147483542
2147483471 92 87 2147483542
2147483471 241 272 2147483365
2147483563 240 67 2147483363
2147483514 36 0 2147483362
2147483385 176 43 2147483365
2147483468 5 22 2147483498
2147483606 225 98 2147483416
2147483606 61 133 2147483365
2147483423 49 149 2147483615
2147483363 66 172 2147483577
2147483388 199 21 2147483365
2147483577 190 146 2147483563
2147483563 193 187 2147483416
2147483615 188 107 2147483595
2147483595 0 200 2147483641
2147483514 46 50 2147483615
2147483363 277 233 2147483620
2147483514 62 285 2147483538
2147483416 107 264 2147483595
2147483577 123 12 2147483473
2147483388 221 175 2147483365
2147483471 2 205 2147483363
2147483641 152 153 2147483526
2147483615 143 88 2147483365
2147483606 50 84 2147483385
2147483498 223 222 2147483471
2147483514 206 52 2147483577
2147483526 18 20 2147483471
2147483362 192 53 2147483563
2147483632 167 85 2147483563
2147483615 131 3 2147483553
2147483606 213 117 2147483388
2147483542 138 81 2147483498
2147483563 227 232 2147483606
2147483486 3 267 2147483498
2147483577 189 199 2147483378
2147483615 143 104 2147483423
2147483440 73 278 2147483498
2147483526 188 87 2147483388
2147483526 87 217 2147483615
2147483553 93 91 2147483423
2147483378 45 65 2147483615
2147483498 18 211 2147483396
2147483595 169 100 2147483362
2147483526 111 43 2147483440
2147483388 66 135 2147483514
2147483468 267 116 2147483563
2147483388 265 30 2147483423
2147483378 293 186 2147483553
2147483615 244 45 2147483486
2147483396 79 171 2147483416
2147483473 89 123 2147483620
2147483514 255 241 2147483378
2147483620 114 133 2147483388
2147483473 40 65 2147483423
2147483632 162 114 2147483396
2147483388 82 173 2147483514
2147483388 126 260 2147483378
2147483563 139 171 2147483620
2147483542 215 7 2147483620
2147483514 29 84 2147483595
2147483396 99 48 2147483577
2147483595 223 237 2147483388
2147483362 92 31 2147483388
2147483416 205 14 2147483473
2147483615 248 21 2147483498
2147483388 29 25 2147483486
2147483498 169 206 2147483553
2147483553 265 176 2147483641
2147483486 155 116 2147483362
2147483363 43 160 2147483468
2147483514 76 285 2147483577
2147483388 165 194 2147483471
2147483423 250 205 2147483595
2147483563 132 200 2147483606
2147483396 150 218 2147483632
2147483396 130 111 2147483615
2147483423 18 49 2147483365
2147483641 91 85 2147483473
2147483538 162 290 2147483378
2147483563 48 15 2147483563
2147483553 23 65 2147483468
2147483625 192 187 2147483563
2147483577 33 135 2147483440
2147483563 58 240 2147483538
2147483620 242 67 2147483423
2147483615 149 285 2147483514
2147483577 169 118 2147483606
2147483471 64 258 2147483388
2147483498 221 176 2147483553
2147483563 88 12 2147483526
2147483365 167 209 2147483632
2147483563 70 31 2147483606
2147483514 247 277 2147483625
2147483440 56 221 2147483606
2147483471 266 151 2147483577
2147483365 81 278 2147483538
2147483641 297 255 2147483563
2147483620 221 27 2147483486
2147483625 115 117 2147483440
2147483423 118 265 2147483388
2147483388 219 180 2147483514
2147483620 168 83 2147483362
2147483440 264 66 2147483595
2147483641 60 175 2147483378
2147483486 79 44 2147483553
2147483615 72 72 2147483620
2147483553 148 242 2147483486
2147483365 135 65 2147483468
2147483388 257 166 2147483641
2147483606 263 263 2147483632
2147483577 165 20 2147483365
2147483423 182 106 2147483440
2147483526 50 269 2147483498
2147483632 141 142 2147483498
2147483577 102 243 2147483473
2147483388 56 211 2147483468
2147483440 202 91 2147483388
2147483615 79 215 2147483378
2147483473 232 126 2147483498
2147483542 21 215 2147483378
2147483440 27 21 2147483396
2147483365 74 294 2147483388
2147483577 238 247 2147483526
2147483632 12 99 2147483563
2147483606 98 23 2147483498
2147483365 174 126 2147483388
2147483606 137 146 2147483526
2147483471 70 277 2147483471
2147483553 240 165 2147483416
2147483553 133 37 2147483363
2147483423 208 232 2147483423
2147483473 218 41 2147483620
2147483363 80 295 2147483423
2147483553 121 96 2147483625
2147483471 169 69 2147483542
2147483362 291 172 2147483615
2147483595 89 201 2147483378
2147483632 226 71 2147483471
2147483440 173 101 2147483615
2147483514 217 243 2147483577
2147483632 48 27 2147483365
2147483514 265 108 2147483473
2147483363 105 180 2147483625
2147483423 291 152 2147483385
2147483606 296 240 2147483538
2147483625 219 254 2147483471
2147483468 188 243 2147483468
2147483388 131 238 2147483498
2147483378 13 12 2147483542
2147483538 195 269 2147483471
2147483362 61 282 2147483577
2147483388 213 54 2147483620
2147483625 151 79 2147483632
2147483538 21 299 2147483362
2147483563 1 174 2147483606
2147483388 152 252 2147483632
2147483595 14 107 2147483388
2147483378 0 235 2147483473
2147483473 185 48 2147483606
2147483577 261 121 2147483498
2147483542 95 125 2147483498
2147483632 16 173 2147483416
2147483378 48 58 2147483595
2147483416 246 279 2147483362
2147483553 222 21 2147483563
2147483632 78 155 2147483632
2147483620 52 57 2147483365
2147483542 278 191 2147483468
2147483595 59 43 2147483641
2147483423 37 280 2147483553
2147483553 141 266 2147483641
2147483365 277 191 2147483486
2147483388 261 237 2147483632
2147483471 40 17 2147483553
2147483526 124 212 2147483538
2147483514 38 119 2147483388
2147483473 48 74 2147483468
2147483486 71 290 2147483625
2147483362 196 112 2147483595
2147483396 136 33 2147483365
2147483362 226 279 2147483538
2147483498 260 160 2147483595
2147483620 230 297 2147483473
2147483595 1 18 2147483388
2147483615 179 75 2147483440
2147483526 193 255 2147483486
2147483385 297 262 2147483363
2147483423 86 231 2147483514
2147483416 165 54 2147483440
2147483388 281 229 2147483606
2147483563 189 228 2147483468
2147483471 67 250 2147483471
2147483396 155 286 2147483514
2147483615 115 128 2147483486
2147483388 201 255 2147483563
2147483542 267 123 2147483542
2147483365 164 84 2147483595
2147483423 54 277 2147483423
2147483362 158 83 2147483416
2147483553 138 291 2147483388
2147483632 23 18 2147483498
2147483553 152 66 2147483632
2147483388 253 70 2147483473
2147483473 32 228 2147483542
2147483363 110 10 2147483396
2147483526 8 62 2147483378
2147483538 246 179 2147483563
2147483486 49 205 2147483486
2147483620 26 92 2147483514
2147483514 130 192 2147483625
2147483625 109 101 2147483471
2147483553 120 244 2147483595
2147483378 217 81 2147483606
2147483423 56 140 2147483388
2147483606 88 43 2147483577
2147483396 33 18 2147483471
2147483615 171 59 2147483553
2147483473 100 208 2147483388
2147483363 204 63 2147483423
2147483385 252 150 2147483473
2147483396 215 9 2147483620
2147483514 122 31 2147483498
2147483388 108 10 2147483632
2147483595 103 181 2147483362
2147483615 77 241 2147483473
2147483365 168 51 2147483526
2147483416 206 91 2147483542
2147483538 18 78 2147483563
2147483625 231 10 2147483620
2147483362 280 140 2147483388
2147483641 268 47 2147483498
2147483473 115 145 2147483362
2147483526 128 242 2147483595
2147483423 140 108 2147483625
2147483615 123 230 2147483538
2147483416 223 43 2147483526
2147483385 40 228 2147483514
2147483553 204 284 2147483388
2147483632 199 27 2147483498
2147483641 242 282 2147483423
2147483363 261 298 2147483440
2147483606 12 192 2147483606
2147483440 208 67 2147483498
2147483577 10 39 2147483641
2147483498 284 46 2147483542
2147483595 225 115 2147483362
2147483388 128 51 2147483473
2147483542 211 22 2147483388
2147483378 245 255 2147483553
2147483385 117 54 2147483388
2147483396 267 281 2147483514
2147483625 108 218 2147483620
2147483553 215 46 2147483542
2147483388 66 202 2147483526
2147483615 195 252 2147483473
2147483388 0 9 2147483641
2147483553 34 60 2147483641
2147483553 224 151 2147483423
2147483362 81 279 2147483362
2147483396 207 59 2147483542
2147483423 127 173 2147483542
2147483423 151 170 2147483553
2147483388 47 289 2147483396
2147483378 173 88 2147483378
2147483471 167 298 2147483388
2147483473 101 25 2147483388
2147483388 150 245 2147483388
2147483577 32 179 2147483632
2147483498 263 193 2147483473
2147483416 144 296 2147483396
2147483625 230 269 2147483514
2147483396 62 276 2147483473
2147483632 30 113 2147483468
2147483468 223 116 2147483365
2147483362 114 108 2147483498
2147483396 44 68 2147483365
2147483416 113 139 2147483632
2147483514 18 38 2147483625
2147483538 225 217 2147483563
2147483498 20 66 2147483385
2147483553 65 208 2147483620
2147483641 28 30 2147483396
2147483378 112 65 2147483473
2147483641 187 175 2147483388
2147483388 78 191 2147483473
2147483526 211 255 2147483365
2147483615 12 254 2147483362
2147483396 132 114 2147483471
2147483553 175 94 2147483440
2147483416 45 184 2147483388
2147483595 166 284 2147483388
2147483625 268 146 2147483423
2147483620 144 47 2147483526
2147483362 89 212 2147483363
2147483396 248 206 2147483553
2147483498 258 235 2147483606
2147483423 152 191 2147483632
2147483388 39 137 2147483632
2147483563 84 105 2147483542
2147483388 276 300 2147483538
2147483563 196 255 2147483440
2147483378 75 300 2147483385
2147483538 138 69 2147483620
2147483385 194 285 2147483606
2147483486 216 40 2147483471
2147483362 168 161 2147483526
2147483641 289 157 2147483563
2147483440 227 42 2147483641
2147483473 112 38 2147483542
2147483378 234 194 2147483641
2147483388 157 17 2147483468
2147483632 91 202 2147483388
2147483498 225 241 2147483498
2147483615 34 298 2147483641
2147483365 9 272 2147483563
2147483365 261 34 2147483538
2147483514 220 117 2147483514
2147483498 221 267 2147483620
2147483498 120 277 2147483396
2147483498 263 156 2147483363
2147483526 87 143 2147483526
2147483632 236 161 2147483471
2147483498 57 164 2147483468
2147483620 248 185 2147483577
2147483486 170 79 2147483538
2147483615 59 72 2147483498
2147483620 126 107 2147483440
2147483625 226 104 2147483542
2147483473 281 192 2147483620
2147483473 24 184 2147483363
2147483542 158 115 2147483378
2147483385 276 88 2147483577
2147483632 184 59 2147483486
2147483423 155 50 2147483396
2147483595 123 122 2147483385
2147483388 223 84 2147483471
2147483468 63 123 2147483641
2147483641 230 273 2147483388
2147483423 143 199 2147483363
2147483526 40 19 2147483388
2147483526 68 72 2147483526
2147483440 212 25 2147483396
2147483606 222 55 2147483468
2147483365 249 129 2147483526
2147483641 194 7 2147483468
2147483514 182 111 2147483595
2147483542 286 216 2147483577
2147483440 177 181 2147483615
2147483423 70 224 2147483606
2147483416 253 265 2147483471
2147483471 297 10 2147483486
2147483514 93 30 2147483615
2147483363 198 276 2147483468
2147483468 230 269 2147483416
2147483526 86 185 2147483385
2147483363 113 220 2147483498
2147483473 276 138 2147483606
2147483498 97 254 2147483388
2147483526 113 286 2147483641
2147483473 243 40 2147483606
2147483362 196 254 2147483498
2147483563 113 52 2147483538
2147483641 201 55 2147483542
2147483468 156 244 2147483595
2147483632 7 288 2147483553
2147483632 58 289 2147483378
2147483514 10 145 2147483641
2147483632 281 225 2147483365
2147483385 290 21 2147483514
2147483577 226 271 2147483396
2147483542 121 251 2147483641
2147483632 167 120 2147483385
2147483542 111 25 2147483641
2147483514 123 274 2147483538
2147483396 56 235 2147483632
2147483471 34 212 2147483486
2147483365 42 237 2147483473
2147483625 106 204 2147483641
2147483388 74 148 2147483473
2147483416 11 126 2147483577
2147483620 210 216 2147483486
2147483632 88 184 2147483553
2147483363 197 221 2147483378
2147483563 129 279 2147483363
2147483553 197 69 2147483615
2147483471 64 122 2147483363
2147483378 86 113 2147483577
2147483563 183 229 2147483632
2147483498 144 38 2147483416
2147483606 196 267 2147483486
2147483514 93 105 2147483538
2147483606 18 41 2147483641
2147483440 99 220 2147483468
2147483385 60 19 2147483563
2147483498 154 44 2147483577
2147483440 298 170 2147483577
2147483486 22 123 2147483625
2147483471 291 115 2147483471
2147483615 266 73 2147483542
2147483416 169 286 2147483388
2147483577 211 7 2147483378
2147483396 279 53 2147483396
2147483625 158 63 2147483473
2147483468 212 120 2147483542
2147483486 181 233 2147483440
2147483577 201 29 2147483365
2147483641 232 183 2147483423
2147483526 251 223 2147483471
2147483542 269 128 2147483625
2147483468 109 73 2147483498
2147483388 249 11 2147483362
2147483388 92 249 2147483363
2147483563 180 120 2147483388
2147483396 217 42 2147483396
2147483486 157 183 2147483641
2147483416 14 135 2147483577
2147483606 18 107 2147483606
2147483632 217 18 2147483553
2147483486 82 41 2147483362
2147483514 53 9 2147483498
2147483486 25 80 2147483553
2147483577 1 263 2147483498
2147483416 116 73 2147483620
2147483388 119 56 2147483388
2147483498 174 68 2147483577
2147483606 170 11 2147483620
2147483378 124 96 2147483388
2147483440 75 57 2147483615
2147483388 89 65 2147483468
2147483632 43 145 2147483615
2147483632 289 218 2147483606
2147483542 256 280 2147483423
2147483577 101 26 2147483577
2147483620 220 138 2147483563
2147483468 108 39 2147483620
2147483362 31 17 2147483468
2147483553 1 124 2147483620
2147483440 181 284 2147483538
2147483385 47 68 2147483625
2147483416 102 279 2147483538
2147483632 286 236 2147483526
2147483416 174 61 2147483577
2147483471 112 138 2147483471
2147483577 288 155 2147483625
2147483385 79 102 2147483385
2147483362 272 213 2147483396
2147483471 1 23 2147483471
2147483641 295 114 2147483514
2147483468 73 19 2147483563
2147483385 1 247 2147483388
2147483538 64 12 2147483577
2147483388 81 295 2147483542
2147483378 8 286 2147483563
2147483440 283 91 2147483363
2147483514 277 71 2147483615
2147483542 205 82 2147483595
2147483542 261 186 2147483416
2147483471 131 110 2147483362
2147483471 233 120 2147483486
2147483632 108 72 2147483362
2147483538 48 224 2147483553
2147483468 141 120 2147483362
2147483473 168 31 2147483538
2147483498 244 140 2147483577
2147483396 257 109 2147483553
2147483606 150 199 2147483538
2147483615 158 138 2147483641
2147483363 239 19 2147483526
2147483577 195 13 2147483620
2147483606 221 266 2147483553
2147483471 157 281 2147483423
2147483473 62 22 2147483440
2147483473 12 65 2147483526
2147483641 263 268 2147483362
2147483625 47 239 2147483632
2147483542 159 131 2147483538
2147483440 111 225 2147483620
2147483606 83 24 2147483362
2147483416 277 270 2147483440
2147483498 222 31 2147483388
2147483388 270 268 2147483396
2147483388 192 290 2147483553
2147483632 105 239 2147483388
2147483378 229 290 2147483595
2147483538 58 78 2147483416
2147483471 185 285 2147483388
2147483416 87 168 2147483641
2147483388 187 227 2147483471
2147483440 128 299 2147483365
2147483498 88 280 2147483538
2147483542 205 271 2147483538
2147483606 246 18 2147483363
2147483468 62 65 2147483498
2147483553 8 93 2147483363
2147483615 37 267 2147483514
2147483486 97 242 2147483468
2147483563 22 265 2147483542
2147483365 166 80 2147483615
2147483553 107 126 2147483362
2147483498 237 255 2147483385
2147483468 135 299 2147483615
2147483416 266 38 2147483563
2147483486 226 10 2147483498
2147483378 54 49 2147483416
2147483625 87 68 2147483362
2147483577 150 153 2147483396
2147483423 281 267 2147483620
2147483625 193 273 2147483595
2147483620 127 255 2147483542
2147483486 240 93 2147483641
2147483577 228 22 2147483378
2147483378 289 157 2147483468
2147483514 29 188 2147483388
2147483577 55 88 2147483385
2147483365 104 223 2147483542
2147483538 157 265 2147483606
2147483473 191 96 2147483363
2147483473 112 231 2147483473
2147483385 161 288 2147483468
2147483563 137 264 2147483473
2147483542 284 72 2147483526
2147483471 218 144 2147483538
2147483542 221 18 2147483542
2147483440 183 139 2147483486
2147483423 118 55 2147483378
2147483514 205 188 2147483538
2147483615 171 106 2147483365
2147483620 269 163 2147483625
2147483620 79 271 2147483625
2147483620 38 89 2147483542
2147483526 43 218 2147483396
2147483440 178 121 2147483378
2147483396 218 176 2147483440
2147483538 268 14 2147483514
2147483498 140 241 2147483577
2147483641 165 90 2147483388
2147483542 139 219 2147483363
2147483615 25 71 2147483486
2147483385 168 117 2147483498
2147483498 64 150 2147483526
2147483468 211 104 2147483641
2147483378 137 17 2147483526
2147483615 104 151 2147483385
2147483388 122 26 2147483526
2147483553 170 222 2147483416
2147483423 58 115 2147483563
2147483615 214 176 2147483542
2147483388 225 236 2147483473
2147483385 292 161 2147483514
2147483641 129 9 2147483563
2147483423 190 95 2147483538
2147483486 252 118 2147483471
2147483625 19 220 2147483362
2147483486 159 204 2147483416
2147483620 20 241 2147483615
2147483577 57 284 2147483620
2147483388 205 64 2147483365
2147483362 71 93 2147483365
2147483577 23 147 2147483641
2147483577 263 141 2147483553
2147483498 183 144 2147483473
2147483577 227 229 2147483362
2147483632 124 6 2147483606
2147483577 73 85 2147483396
2147483498 243 298 2147483577
2147483385 258 195 2147483423
2147483595 287 103 2147483396
2147483416 155 181 2147483385
2147483595 176 223 2147483595
2147483538 66 194 2147483423
2147483538 247 284 2147483423
2147483625 273 212 2147483416
2147483632 81 117 2147483542
2147483498 30 20 2147483542
2147483620 145 79 2147483553
2147483365 151 26 2147483365
2147483526 37 296 2147483363
2147483486 244 238 2147483396
2147483362 146 289 2147483363
2147483620 259 278 2147483468
2147483542 204 54 2147483542
2147483396 165 120 2147483632
2147483606 201 85 2147483498
2147483378 96 2 2147483486
2147483423 76 42 2147483553
2147483365 69 201 2147483471
2147483471 45 118 2147483553
2147483486 208 149 2147483615
2147483577 138 173 2147483615
2147483563 237 152 2147483615
2147483632 189 212 2147483641
2147483641 247 139 2147483378
2147483362 133 229 2147483620
2147483385 59 279 2147483378
2147483606 155 141 2147483620
2147483595 206 32 2147483641
2147483595 224 203 2147483388
2147483620 193 99 2147483553
2147483542 40 152 2147483486
2147483526 10 257 2147483514
2147483365 267 151 2147483440
2147483363 102 111 2147483498
2147483553 283 93 2147483486
2147483563 22 134 2147483498
2147483388 195 115 2147483606
2147483641 47 286 2147483606
2147483440 277 31 2147483577
2147483595 11 261 2147483641
2147483385 242 221 2147483362
2147483423 101 278 2147483514
2147483388 19 119 2147483615
2147483362 225 82 2147483615
2147483526 261 282 2147483615
2147483641 293 248 2147483553
2147483563 139 22 2147483388
2147483514 175 76 2147483606
2147483632 58 111 2147483526
2147483396 137 113 2147483625
2147483365 213 242 2147483595
2147483362 207 222 2147483498
2147483526 95 7 2147483440
2147483486 98 167 2147483615
2147483514 76 261 2147483365
2147483363 210 188 2147483632
2147483362 149 14 2147483468
2147483542 297 46 2147483553
2147483620 300 139 2147483363
2147483486 157 254 2147483440
2147483362 159 299 2147483641
2147483542 251 124 2147483641
2147483625 21 27 2147483514
2147483388 68 201 2147483365
2147483385 20 75 2147483468
2147483396 41 163 2147483365
2147483365 128 190 2147483423
2147483388 145 112 2147483388
2147483471 147 230 2147483468
2147483363 39 281 2147483553
2147483388 19 259 2147483620
2147483388 247 21 2147483498
2147483396 23 209 2147483362
2147483615 29 72 2147483486
2147483365 168 16 2147483378
2147483632 6 180 2147483471
2147483577 256 35 2147483385
2147483388 217 217 2147483423
2147483363 122 243 2147483606
2147483632 130 99 2147483486
2147483416 20 17 2147483440
2147483385 110 51 2147483440
2147483632 76 86 2147483363
2147483615 172 139 2147483385
2147483625 254 26 2147483498
2147483365 280 143 2147483563
2147483365 85 193 2147483388
2147483514 127 207 2147483542
2147483625 25 139 2147483416
2147483423 238 205 2147483577
2147483526 154 182 2147483365
2147483577 143 192 2147483362
2147483620 102 204 2147483553
2147483473 8 189 2147483363
2147483378 14 30 2147483365
2147483396 130 95 2147483385
2147483388 259 105 2147483471
2147483514 190 52 2147483385
2147483620 23 20 2147483440
2147483606 78 193 2147483625
2147483632 85 104 2147483471
2147483595 114 110 2147483606
2147483363 60 12 2147483538
2147483362 126 212 2147483526
2147483365 126 239 2147483378
2147483641 258 36 2147483385
2147483396 210 32 2147483514
2147483388 236 220 2147483625
2147483606 266 121 2147483473
2147483388 220 197 2147483542
2147483385 224 146 2147483363
2147483362 2 78 2147483620
2147483563 252 111 2147483471
2147483615 203 220 2147483378
2147483378 205 48 2147483396
2147483615 86 107 2147483615
2147483388 91 186 2147483440
2147483362 148 166 2147483396
2147483388 104 23 2147483538
2147483647 276 149 2147483606
