BFS
200 200
2661 4 167
2633 193 166
750
2819 190 199 2178
3192 24 38 2811
2182 81 186 2811
2097 50 73 2960
3153 149 161 3192
2819 139 125 3249
3250 24 151 2811
2160 166 64 2754
2786 35 128 2960
3100 1 59 2467
2182 108 127 2702
2786 93 37 2526
2702 20 88 3159
3203 28 1 2712
2786 74 62 2652
3192 8 130 2160
2122 145 128 2468
2704 80 26 3249
2702 33 166 2092
2043 128 68 3158
2371 76 170 2652
3246 24 157 3379
2096 87 190 2704
3000 19 105 3159
2893 131 2 2652
3180 43 41 2791
2702 188 24 2467
2371 36 60 2960
2182 38 172 2720
2702 117 31 3159
2819 142 142 2652
2786 199 108 3000
3016 115 192 2043
2066 79 24 2791
3153 14 82 3249
2754 165 14 2022
2097 91 43 3153
2819 7 157 2092
2371 49 8 2893
3379 189 12 3180
2122 80 49 2526
3169 130 75 2182
3153 179 180 2702
2097 80 153 2467
3203 135 35 3179
2754 96 61 2791
2811 17 188 3153
2712 195 170 2893
2712 133 109 3000
3050 119 160 2122
2633 77 74 2183
2702 19 41 2791
2754 157 75 3153
2096 166 73 2191
2043 193 83 2468
2043 47 51 3016
2066 170 16 2467
3050 160 65 3159
3246 61 126 3249
2893 160 141 3159
2261 151 158 2122
2786 62 94 2819
2160 30 192 3016
2633 187 123 2754
3250 123 151 3016
3150 18 34 2652
2092 97 8 3203
2819 118 86 2633
3153 109 187 2702
3000 126 123 2791
2191 94 72 3153
2652 32 11 3000
2467 113 198 2633
2811 154 162 2183
3158 45 150 2043
2811 61 113 2160
2191 78 119 2097
2096 126 177 2092
2092 154 123 3159
2160 123 191 2661
2712 175 71 3379
3249 148 146 2702
3246 33 189 2786
2468 108 87 2160
2160 35 124 3192
2183 21 193 3150
2661 28 67 2092
3050 89 82 2893
2652 22 147 2178
2043 166 110 3030
2652 183 60 2160
2066 147 55 2661
3179 98 158 2261
2960 88 107 2754
2893 53 104 2893
2096 80 57 3153
2468 168 94 2720
3153 120 54 2526
2661 135 105 2754
3179 89 6 3246
2096 183 79 2183
2468 93 125 2893
2183 79 71 2702
2960 58 145 2191
2122 115 176 3100
2043 24 187 2786
2182 92 126 3159
2893 135 82 3153
3180 196 123 2786
2786 68 191 3000
2178 178 79 3159
3016 169 71 3379
3192 160 139 2633
3250 129 114 2182
2468 1 181 3249
2720 10 186 3150
2661 4 156 2182
2720 193 157 2182
2960 64 149 2702
3100 169 38 2043
2062 183 66 2819
2191 190 95 3250
3192 157 29 2893
2633 2 70 2261
2712 102 160 2652
2720 181 114 3179
3158 183 20 3169
2467 166 41 2960
2791 29 194 3246
3179 85 82 2712
2791 166 185 2182
2819 100 110 2526
3379 188 21 2712
2066 57 3 2786
3179 89 54 3246
2467 197 59 3246
2191 102 100 2096
2960 18 28 2720
2092 81 29 2066
2633 165 175 2786
3100 3 105 3000
2183 30 103 3180
3100 28 94 3150
3016 34 130 2092
2468 28 23 2182
2371 125 181 2122
2786 42 10 2183
2178 2 184 3249
2704 112 39 3030
2661 8 88 2754
2960 176 189 2468
3150 22 66 2191
2819 78 132 2702
3153 90 168 3150
2526 87 186 2092
2468 68 133 3050
2467 161 105 3246
3250 25 168 3150
2960 2 52 2043
2704 33 126 3379
2819 39 51 2062
2183 57 108 2160
2183 193 101 2893
2022 26 189 2468
2893 136 159 2791
2652 123 199 2182
3050 121 85 2712
3179 2 161 2062
3246 178 19 2066
3050 72 145 2191
2043 164 111 3159
3246 76 101 3249
2467 109 188 3030
3030 44 22 2062
2819 1 103 3000
2633 4 121 2754
2191 96 144 2791
2661 187 135 2096
2096 65 12 3100
2754 139 52 2066
3100 111 10 2096
2786 78 144 2122
2754 84 182 2811
2786 198 5 3150
2754 143 198 3016
2371 68 120 3150
2720 104 64 2371
2811 71 1 2712
2066 92 193 2043
2791 95 93 2160
3030 98 178 2526
2122 69 176 3203
2720 48 95 3050
2704 127 7 2720
3153 54 119 2652
3180 16 71 2754
3150 47 56 2122
2468 134 168 2754
2702 138 73 2122
2960 65 2 3246
2720 195 37 2960
3246 67 88 3249
2633 108 67 2191
3246 24 168 3100
3150 159 102 3100
2960 147 140 2092
2819 48 79 3169
2122 77 34 2022
2652 37 70 2178
2633 160 155 3159
3379 115 158 2661
2791 191 38 2661
3203 159 10 2122
2819 68 110 2092
3153 134 131 3153
2652 144 144 2893
2702 108 136 2261
3016 150 82 3000
3100 106 26 2191
2526 97 165 3150
2526 140 174 2791
3246 32 38 2468
2160 149 157 3016
2661 145 138 3000
2960 44 112 2096
3379 114 82 3016
2022 174 66 2191
2183 114 77 3169
2066 37 57 2468
2066 105 57 2092
3249 94 41 3159
2160 76 1 2720
2819 179 16 3203
2811 43 29 2893
3180 134 108 2786
2754 156 138 2633
2066 161 9 2022
2652 164 60 2704
2811 160 176 3180
3150 190 24 2160
3030 62 111 2712
2467 139 50 2791
2261 45 100 2160
2661 14 75 2893
3246 3 171 3150
2467 11 28 2893
2811 170 191 2043
3016 116 163 2062
2893 180 182 3192
3158 86 192 2043
3000 175 171 2526
3158 18 129 2043
2191 51 24 2661
2092 128 178 2960
2261 41 113 2183
2183 190 7 2786
2122 94 148 2633
2720 27 0 2191
2467 94 114 2467
2791 16 133 3180
2097 6 196 2526
2062 129 112 3203
3158 131 142 2043
3153 169 58 2122
2092 33 114 2811
2893 0 38 2811
3159 74 195 3030
2960 78 21 2702
2191 136 124 2062
2183 141 48 2178
2182 34 193 2043
2096 1 89 2160
2661 193 36 3249
3169 27 128 2960
3016 186 61 2261
3379 72 7 2092
3192 134 147 2811
3192 182 150 3246
2183 177 58 2754
3158 110 41 3030
2661 127 92 2191
2022 94 56 2704
2468 116 66 3150
2096 190 179 2066
3100 64 174 3030
3000 168 7 2160
2712 43 50 2160
2633 70 114 2062
2122 20 38 3246
2819 82 69 3203
2811 49 158 2062
2096 69 94 2786
2467 52 3 2467
2661 25 115 2819
2066 179 92 3030
2786 94 139 3169
3159 147 185 3249
2092 110 143 2066
3016 8 97 2122
2261 132 61 3000
2720 184 121 2097
2066 78 103 2092
3379 73 76 2043
2183 19 154 2468
2704 164 121 2811
2178 62 142 2183
2371 102 128 2182
3159 191 60 3180
3203 22 151 3246
2652 130 131 3159
3169 25 121 2066
3249 78 90 2092
2652 146 30 3250
2704 81 149 2183
2791 57 29 2633
3030 149 26 2182
2160 85 180 3249
2371 179 23 2371
2526 14 28 3203
3246 70 191 3203
3153 28 124 3000
3153 196 19 3246
2811 79 151 2122
3050 109 78 2066
2092 9 188 2652
3246 159 1 2062
2786 44 183 2096
2811 71 97 2819
2066 195 25 2261
3180 51 190 2122
3249 14 143 2191
2183 62 86 2811
2062 76 192 3153
2467 152 85 2467
3000 77 94 3179
2182 34 11 2704
2191 176 160 2096
2261 6 0 2720
3203 158 132 2704
2754 68 30 2786
3249 8 5 2097
3016 155 71 3100
2704 135 163 3250
2791 51 133 2096
3030 153 199 2893
2022 102 147 2122
2182 163 108 3100
2022 171 177 2183
3192 165 125 3016
2786 16 131 2786
3249 115 124 2182
2022 77 63 3203
3192 19 127 3000
2661 32 144 2526
2178 30 164 2371
2182 100 9 2811
3180 135 71 2791
2062 81 81 2261
3158 3 53 2178
3180 21 41 3030
2819 54 108 2633
2720 184 121 3180
3179 168 24 3246
2652 160 92 2811
2791 71 160 2467
2122 22 49 2960
3158 138 9 3246
2754 79 170 2182
3192 122 120 2652
3000 95 158 2097
2786 32 141 2092
3192 39 80 2066
2182 192 108 2720
2261 77 178 2960
2062 81 163 2712
2092 133 193 2122
2819 176 172 2633
2160 188 182 2183
2960 42 23 3000
2122 164 94 2097
3150 102 174 2261
3179 4 162 2043
2062 20 118 2062
2183 29 23 3179
2633 165 54 2652
2704 32 101 2468
2661 27 14 3100
2791 71 110 3153
3050 185 64 3030
3158 33 69 2754
2062 162 78 3246
2096 139 174 3379
2122 112 40 2261
3179 185 89 3250
2786 54 137 2160
3050 65 82 3159
3246 26 188 2786
3179 73 4 2160
2704 16 174 3150
3100 131 28 2371
2652 127 45 2720
3000 139 65 2754
3192 9 161 3379
2652 110 135 3192
2097 134 183 2022
2043 56 46 3203
2022 56 170 2122
3249 22 167 2183
2704 126 96 3203
2786 56 60 2043
3100 165 55 2652
2092 56 48 2160
2720 103 91 2468
2022 140 48 2754
2096 144 33 3246
2652 115 111 3203
2261 151 44 2960
3179 112 146 3203
2960 75 3 3050
3246 103 105 3150
3179 84 109 2062
3180 174 167 2661
2702 24 52 3158
2702 106 54 2160
3150 44 77 3246
2811 55 81 2661
2191 105 184 3192
3158 114 138 2819
2097 144 74 2712
2526 35 178 2960
2786 61 48 2811
2661 137 32 3159
2652 136 155 2022
2096 36 53 2754
3000 4 132 2097
2468 69 184 2661
3153 98 191 2160
2786 121 98 2712
2652 141 31 2893
2160 42 128 3250
3159 19 134 2182
2754 163 78 3250
2191 72 73 3150
2022 114 178 2122
2704 165 28 3250
3158 132 197 2702
2702 181 116 2786
2183 189 127 3050
2122 100 8 2261
3016 196 55 2652
3050 101 82 2062
2182 40 86 2893
2754 73 73 3030
2791 142 95 2066
2122 1 156 2183
2661 2 142 3169
2092 59 158 2097
2062 41 11 3203
2043 88 4 2191
2062 69 174 3016
3016 32 161 2467
2122 196 72 3016
2652 113 46 2183
3158 118 60 3180
3192 155 52 3169
3379 80 57 3150
2178 133 42 2092
2661 126 172 2786
3100 9 3 2371
2062 15 146 2702
3150 142 102 2661
2371 150 139 3246
2633 178 181 2371
2791 54 5 3050
3159 187 177 3158
2178 79 116 3158
2712 65 171 2191
2754 175 149 3158
2526 21 101 2702
3192 71 133 2022
2122 36 23 2526
3159 151 34 2960
2467 12 87 3158
2066 0 47 2183
3158 155 118 3100
2371 3 76 3246
2819 178 150 2960
3000 47 155 3169
2652 150 3 3169
3179 167 48 2633
3379 196 98 2467
2819 147 93 2468
2704 41 78 2704
2791 136 158 3246
3100 85 3 3159
2811 181 191 2096
2092 87 150 2720
2467 24 113 2122
3159 91 63 2191
3250 180 90 3050
3169 125 195 2467
3000 179 29 2633
3153 34 11 3030
3016 67 75 2096
3150 41 24 2022
3250 36 172 3203
3158 16 76 3249
2720 94 13 2633
2704 32 117 3158
2097 60 23 2371
2191 26 131 3159
2066 54 42 3150
3249 64 8 2182
2160 40 158 2661
2786 5 10 2096
3153 186 158 3000
2371 42 110 2096
2633 11 62 3379
2633 15 179 3192
2183 169 135 2791
3250 175 51 2097
2261 136 105 2893
2122 97 65 2791
2468 139 109 2062
2183 170 0 2066
3180 155 181 2702
2043 14 126 2092
2712 73 73 3159
2811 182 103 2261
2096 191 20 3250
3246 192 143 2819
2819 59 173 2720
3179 184 64 2160
2754 147 175 2160
2754 150 108 2786
2791 77 146 3203
3050 24 77 3153
2092 105 22 2661
3150 113 34 3169
2371 164 189 2704
3379 122 117 3180
2371 27 92 3000
2960 32 67 2160
2652 71 125 2633
2160 160 173 2122
2191 149 131 2261
2097 35 99 2791
2062 173 76 3250
3159 153 73 3159
3000 183 89 2191
2092 116 131 2652
2092 168 146 2786
2652 93 8 2702
2468 48 31 2720
2633 147 167 2467
2371 160 68 3150
3169 185 73 3159
2467 172 86 2712
2062 166 83 2468
2122 139 73 2371
3150 191 193 2720
3100 198 182 3159
3158 187 156 2960
2652 23 182 3192
2661 45 172 2092
2097 180 110 3249
2754 1 101 2022
3379 105 196 2468
3016 141 65 3169
3159 150 196 2754
2661 2 186 3000
3100 15 103 2183
2092 82 189 2066
2720 136 79 2754
2043 79 174 3203
2811 34 4 2526
2191 156 71 2191
3250 10 101 3379
2786 19 79 2066
2811 101 126 2182
3000 164 177 2022
2371 164 21 2191
3203 108 42 2191
3169 193 66 2092
2066 154 151 2819
3246 78 82 2811
2811 47 93 3016
2526 182 150 3100
2178 185 7 2652
3169 17 7 2791
3150 51 39 2097
2183 13 100 2720
3150 87 173 2043
2178 157 132 3203
2092 45 82 3000
2183 41 60 2122
2893 31 192 3180
3179 69 30 2960
3246 0 182 2261
2096 97 189 2704
2122 2 97 2182
2704 193 181 3249
3180 54 35 2661
2811 81 190 3179
2786 51 52 2633
3050 199 33 2712
2661 189 171 3250
2468 48 150 2160
2092 191 20 2371
2633 7 186 2043
2261 0 0 3050
3179 17 22 2096
2811 15 95 2178
3246 193 160 2786
3246 13 96 3030
3203 143 165 2661
3180 126 144 2893
3180 56 98 3203
2178 25 126 3203
3150 58 180 2096
2122 41 111 2893
2182 99 184 3100
2754 147 23 2371
3203 153 115 3150
2182 58 100 3016
2183 152 94 3180
3100 181 37 3159
2043 1 132 2652
2468 46 46 3169
3246 146 23 2467
2191 130 137 3379
2096 61 88 3159
3150 10 30 2122
2467 91 161 3192
2261 70 140 3203
3180 57 149 2819
3379 132 97 2652
2183 127 93 2261
2092 76 76 2043
2092 134 50 2819
3050 67 14 2097
3203 182 102 3203
2261 3 169 3169
2819 89 180 2661
3249 189 177 3153
2791 9 183 3100
2183 114 77 3192
3169 141 62 2786
2786 63 190 3180
2062 82 135 2092
2661 169 109 2811
3246 28 103 2786
3016 180 105 2062
2261 116 190 3192
2702 145 98 2122
3150 142 197 2893
3100 179 28 2526
2022 197 21 3159
3179 77 159 3030
2468 5 12 2062
2371 166 114 3169
2526 122 66 2720
3030 58 197 3169
3249 126 122 2183
3169 47 127 3016
2526 80 98 3050
2819 199 54 3169
3158 57 102 2704
3000 74 91 2661
2043 172 174 3379
2062 24 178 2661
3158 36 102 3016
2261 83 155 2097
3249 182 135 2043
3169 0 29 2526
2720 189 198 3000
3153 38 162 2122
2791 76 149 2160
3100 148 48 2468
2178 90 190 2819
3192 125 48 2811
2652 170 7 3016
2786 154 116 2160
2468 154 149 2661
2791 142 121 3379
2720 108 96 3192
2160 124 170 3016
2754 29 186 3050
2720 33 188 2261
2062 128 167 3100
3158 0 30 3016
3050 70 176 3179
2183 62 161 3159
2191 38 192 2096
3203 76 58 2702
2467 53 82 2633
2791 17 114 3016
3100 66 115 2704
2791 9 150 2097
2819 165 44 3203
3153 164 186 2633
2092 71 152 3050
3249 29 51 2468
2468 16 146 2526
3153 33 91 2122
2183 124 183 3100
2652 104 178 2652
3158 50 98 2183
2191 185 136 2066
3153 104 26 3180
3246 136 185 3159
3179 57 23 3153
3249 102 177 2754
3379 63 104 2791
2704 146 70 2022
3000 149 72 2043
2261 154 67 3179
2633 153 38 2467
2066 42 64 2178
3000 0 192 3192
2022 189 16 2043
3158 175 129 2712
3192 76 192 3246
2468 76 197 2702
2062 184 80 2791
2468 152 195 2811
2096 145 152 2786
3100 153 35 3158
2467 85 123 2526
2261 38 104 2661
3250 23 17 2712
3169 128 68 2092
2096 126 53 2791
3016 73 140 2811
3249 129 158 3030
2526 16 160 3100
3158 46 32 2633
2191 169 151 2633
2467 110 69 3016
2652 19 129 2720
3180 179 4 2712
2811 120 40 2191
2178 81 55 2062
2097 180 158 3150
3203 189 196 2960
2468 126 4 3016
3030 6 42 2791
2371 92 44 2702
3158 69 88 3016
3250 2 169 2178
