BFS
100 150
3972 27 137
2530 61 24
2000
2837 9 124 3343
3049 25 59 4819
3299 23 5 4904
2540 28 15 2369
3882 58 23 3966
4784 74 7 5059
2545 94 25 3386
4665 11 53 4978
4772 28 116 2248
3882 97 101 3420
3770 34 68 4530
5378 33 35 2267
3126 65 71 2655
5158 22 23 3053
3994 80 7 4956
4375 32 135 3064
4991 30 95 3386
2879 67 107 4665
4033 44 146 4713
3661 57 42 2369
4033 41 58 3262
3030 25 120 5063
3290 25 63 4896
2256 90 30 3064
3290 65 10 4896
3447 55 82 4381
4713 86 98 2238
3658 50 90 2540
3168 42 45 2879
3239 16 69 2348
4530 91 66 2804
3049 79 4 4381
3050 12 12 2820
4530 60 90 2540
5059 65 109 5063
2545 77 48 4772
4713 52 45 3994
3646 9 131 4132
4956 93 78 3700
3775 45 105 4991
4467 58 140 3814
4880 73 93 4665
4533 40 70 3327
5059 45 52 3972
5378 91 101 2879
3952 13 103 5158
4261 28 77 4381
4033 38 42 3047
2820 41 122 3883
2545 71 123 3290
3658 18 57 2655
4410 68 46 5076
4521 75 143 5419
2306 97 80 2656
4568 20 123 3049
3490 59 24 4033
2954 88 136 3327
3490 87 68 4324
3094 41 53 4896
2655 14 134 4941
4368 44 15 4126
2129 16 8 3108
4467 63 89 5002
2820 37 138 5332
3127 69 140 2433
2118 70 108 4377
2545 79 50 4750
2326 38 17 3770
4381 39 38 4772
4772 61 114 4664
3108 85 14 4533
3883 63 71 4896
3299 69 144 4982
2129 67 24 5059
4888 63 0 4688
5454 11 85 3425
4415 9 141 5208
3972 32 100 2531
2309 95 41 4375
2120 50 123 3544
4888 22 69 4977
3565 23 103 2473
3524 63 149 4132
2129 21 117 5076
4977 67 38 2530
2531 23 149 2804
3262 21 30 3127
3997 92 53 5412
4262 67 125 3127
3589 49 2 4934
2545 47 70 3661
3047 56 77 3386
2126 45 146 4524
4370 68 9 4784
4479 98 32 2473
4600 68 97 2921
3302 7 17 2794
3168 1 64 4262
2954 44 125 4987
3343 72 37 3952
4977 55 4 5419
4033 8 39 4368
3946 67 37 4978
5059 68 68 4033
4088 36 110 3580
5412 85 27 5219
4467 72 35 3842
3946 58 127 5454
3239 3 90 4941
2118 58 34 2129
5454 22 53 4978
3412 89 121 4977
4530 62 62 5158
4427 30 42 5098
2248 24 15 3030
2623 64 21 2118
3124 24 37 3737
3952 79 74 3302
4158 46 122 3580
2129 92 8 4978
3646 83 79 4780
4113 22 115 2820
3770 80 124 4665
5045 12 64 4262
4113 70 57 3412
3883 74 33 2816
4259 81 73 3299
2306 14 66 5177
2267 83 7 2267
5008 15 106 2369
4665 68 133 3972
4033 56 11 4132
3124 0 57 4888
2879 34 25 4750
2306 85 149 4621
4688 12 141 3845
4261 2 147 2321
3427 30 60 4682
5063 29 72 4088
4772 58 70 3490
2161 56 72 3845
2799 94 133 4410
2369 15 29 3047
5008 43 52 2820
5378 91 63 2550
3759 66 112 3168
4262 57 34 4978
3883 48 5 3580
4880 1 82 4377
2348 65 69 4370
3580 23 113 4772
3997 66 65 5412
4987 19 56 3658
5419 88 13 3030
3994 74 4 2369
3420 9 116 2321
4443 91 57 3580
3994 25 129 3759
4880 14 8 4261
5105 34 81 2799
4533 54 63 4443
2820 50 86 2256
3759 12 114 2639
2463 35 93 3565
4011 16 36 2238
3127 93 114 3290
4033 85 82 5063
2655 71 49 4713
4888 91 88 4991
3490 29 105 2948
3836 86 95 3126
4530 8 104 5183
4713 72 28 3050
2655 57 81 2531
2623 38 14 2238
3882 87 117 3238
3108 70 98 2893
2656 64 58 3238
4375 95 24 4415
4600 91 61 5088
4819 66 69 5002
3039 35 111 4888
2530 69 38 2816
3524 52 72 4113
5059 10 68 3239
4533 37 12 4479
4810 21 69 2463
4259 85 128 4368
4896 32 54 5098
3883 51 122 3842
4126 3 29 4324
3094 55 120 5063
5098 69 52 4688
4780 93 134 3524
2948 13 56 4479
3108 28 37 5428
2656 40 75 2512
2799 51 45 2463
2463 6 27 5378
2921 41 64 4410
2804 71 147 5059
5158 13 47 4665
2120 32 87 4688
2224 2 121 3845
4443 57 67 5332
4375 18 96 4688
4033 17 116 2331
3580 26 94 4158
3420 35 130 3475
3053 31 26 4810
2893 15 19 2125
4780 89 69 3124
4259 24 7 3883
5088 10 89 4521
3589 31 120 3425
3302 43 64 3049
3646 69 49 3327
3972 54 140 4784
2667 95 137 4259
3737 49 81 4621
3299 31 34 5332
4713 9 131 4580
4132 82 148 4033
4324 72 67 5088
4772 8 134 4377
4277 19 100 3239
5428 8 121 5098
3836 2 146 3544
3412 90 63 3094
4664 95 92 5008
2129 74 11 4467
4982 66 129 5427
5158 8 7 4158
5170 42 6 5002
4324 62 22 4956
4580 13 147 2326
3475 59 95 4991
5000 48 75 4896
2820 74 121 3238
3544 3 108 4634
4443 31 69 5008
3946 13 32 4713
3124 41 22 4978
3946 72 135 4262
4664 35 1 3050
3952 42 72 5059
4621 75 143 3966
2463 5 14 4259
4682 73 104 4521
4682 68 112 4097
3050 14 133 4368
2921 15 5 3880
4533 13 57 4479
4261 1 58 4370
3167 9 92 3966
4126 75 79 4621
2129 23 147 4533
4126 59 123 4443
4479 88 11 4410
3972 77 80 5063
4750 24 122 3836
3124 57 143 2276
4664 95 141 3238
3475 84 56 3168
2309 78 77 4828
2321 48 37 2820
4896 70 26 3661
2512 93 132 3658
4621 74 16 4524
4897 26 39 3238
5332 65 51 3700
4784 12 2 2530
3108 65 137 4991
3490 47 50 4277
2473 55 114 4375
4527 21 89 5219
4126 18 101 3447
2954 82 103 2530
4375 14 81 2816
2473 70 82 4158
3661 80 81 4368
4324 67 95 5419
4530 69 120 2820
3466 67 141 3050
5170 10 73 4427
3168 70 41 4833
4580 3 103 4896
3770 63 6 4897
3412 47 38 3064
3994 94 56 4533
2656 15 19 2129
3047 88 41 3661
3952 12 77 2129
3008 26 93 2248
2893 58 67 4262
2799 71 106 4377
4113 86 118 4533
3064 20 96 4415
3180 99 91 4688
4088 90 137 5177
3466 45 63 4033
3386 21 26 5098
4664 44 130 3814
4580 34 128 5076
3427 65 0 2326
3047 56 110 2321
3624 35 56 5177
3842 42 138 4956
4618 57 9 4780
3580 79 97 4987
4262 83 44 2540
2321 99 54 4126
3994 63 101 2728
2129 9 56 3842
4956 88 72 4261
3420 64 29 5378
3737 38 91 3039
2267 31 13 2804
2309 7 55 3299
2530 95 5 4132
4521 75 75 2120
3343 75 49 2326
3624 4 57 4126
4033 48 49 5428
4479 63 145 3698
4888 44 49 2799
4991 65 0 3952
2348 44 20 2531
2893 23 83 3030
2256 1 135 2256
3661 75 88 2799
5219 58 48 2267
3008 42 124 4097
3836 38 29 4987
2728 92 85 3262
2893 13 106 3883
2531 18 45 5045
4370 64 15 4443
2348 61 32 3299
4088 54 94 2820
3343 57 29 2125
3759 23 24 3262
2129 6 19 2531
2531 4 48 3698
4097 9 85 2248
3646 33 72 4533
2256 22 77 3882
3094 98 54 5076
4897 94 68 5332
4634 5 61 2545
4261 79 70 3880
3880 61 24 3565
4991 15 33 3842
4259 69 127 2893
3049 43 115 4772
5419 7 52 2118
4688 81 94 3972
5419 58 0 4262
2799 36 102 2623
3127 31 138 5419
3700 51 26 5427
4568 58 149 4772
4033 1 136 2321
2530 92 71 2248
3064 83 15 4896
2120 15 24 4530
2893 85 80 4277
5219 99 14 2623
4991 50 95 4415
5002 21 144 2369
4262 40 131 5428
4113 3 61 2369
4888 30 94 3544
3412 77 17 2433
3589 1 88 2728
2463 79 15 5419
2369 83 48 2118
2820 37 78 3168
2655 98 128 3946
2794 40 25 3475
3238 37 122 3997
5158 82 5 4521
3108 90 3 4467
3966 49 107 4467
3658 42 66 4888
4819 45 82 4377
2656 92 49 4580
5088 48 88 3700
2545 98 95 5412
4934 52 36 3661
5008 26 146 4479
5219 29 54 2118
3047 9 6 4259
3883 75 117 3238
2107 71 125 4377
5158 25 143 4956
3064 21 76 3842
2107 32 68 3412
3946 29 145 3167
3343 15 0 3880
5045 51 126 3262
2238 16 118 5000
5419 31 57 4368
2276 92 44 5088
3127 10 88 4033
4381 27 110 4819
3624 31 34 2948
3262 54 81 2948
3842 64 119 2161
2224 80 106 4580
4896 60 66 4810
3924 12 133 2107
2224 64 120 2238
3698 47 69 3759
5412 10 118 4533
3163 44 79 4904
4904 41 50 2126
4277 77 21 4621
3880 42 51 2125
2161 72 48 2655
3700 8 107 4011
3447 78 32 3064
5412 53 133 4896
3770 59 42 5332
3425 54 147 3343
3646 22 25 2530
3700 61 105 3814
4033 81 36 3127
2667 35 128 3946
4897 30 70 5412
2550 91 27 3658
3770 87 47 2473
2540 56 72 4158
3386 48 41 4600
2921 84 109 2129
3290 38 29 2656
3290 96 38 5378
4600 91 147 2321
3658 68 116 3180
2879 53 9 3386
4097 74 19 4621
3624 33 120 4262
3030 84 78 3924
4324 20 126 4088
4713 84 143 4259
4772 31 78 3412
4479 61 84 2655
2224 3 93 2369
5177 61 64 4713
2306 83 53 5008
5183 86 89 2540
4262 10 90 3589
2656 92 87 4262
4580 3 101 3239
4261 10 117 3759
4033 46 26 4580
4262 62 134 3661
2326 96 73 2794
5059 81 121 3524
4713 56 131 3966
4088 66 62 4780
3882 74 85 3302
5427 51 141 3425
3299 37 58 3053
5098 60 132 4664
3589 46 59 3842
2129 50 7 4888
4533 23 31 2267
3658 36 121 4956
5045 86 97 3262
3580 15 108 2512
3737 78 1 3544
2267 63 142 2954
4033 21 141 5219
4262 82 139 3447
3008 36 46 2326
2473 68 126 2238
4377 79 3 3770
4530 73 30 3997
3544 67 4 3094
2120 74 69 3946
2655 99 36 3327
3427 42 144 2309
4375 31 58 2369
3180 31 74 3163
4580 41 85 3580
3842 94 19 3775
5208 59 38 3624
3049 95 45 2248
5332 84 45 2473
4375 54 4 4158
4527 91 32 4530
2531 60 63 3565
3180 68 33 4158
3946 82 94 3997
4688 62 113 4618
4375 2 38 3770
5454 79 40 4580
2545 41 23 4262
4941 97 136 3842
4113 78 20 4324
4158 91 127 3180
2550 93 25 2129
5063 87 26 3646
3997 56 64 3008
4772 31 4 4634
3565 0 121 3646
4262 19 102 5088
3544 62 74 3466
5000 59 28 4097
3972 62 69 4262
2256 84 97 5378
2512 98 125 5059
3924 12 68 3008
2623 21 39 4819
4527 66 34 3775
4897 93 138 4664
3880 95 127 3386
3661 22 120 4568
3624 72 140 4011
4987 85 133 5412
2531 91 25 3966
4521 64 63 3946
5088 98 3 3053
4982 28 41 4377
2306 96 126 4982
4370 16 86 3994
3997 92 107 5454
3882 36 73 4368
5378 8 72 3343
2161 83 123 2331
3966 57 10 2369
3180 76 61 5208
3661 98 111 3030
2816 51 63 2804
4261 43 71 2331
4828 86 149 4828
3053 77 13 4530
2667 23 95 4126
3775 12 85 5088
3842 48 6 2837
2473 48 33 4713
2248 94 63 2954
5428 67 4 4828
3008 71 35 2530
3700 24 27 3565
2639 16 58 3420
4618 87 119 5002
2804 64 17 3049
2837 72 79 3239
4530 59 69 2120
4956 24 21 2656
3420 76 24 5088
3030 6 104 4443
5002 57 124 4810
4618 50 63 3544
4381 98 33 3836
4261 46 139 4415
4568 16 141 4427
4415 77 111 4819
2463 57 16 4600
4479 55 24 5000
3466 72 146 3050
4467 74 141 4977
3842 12 148 3490
3524 76 50 3163
3108 90 94 4415
3168 94 119 2348
5063 23 54 4088
4682 86 127 5427
4277 29 59 4665
4688 3 77 4427
2321 29 147 5378
2820 81 21 4262
3053 97 124 3882
3180 35 105 2369
3966 20 11 5063
3127 31 67 4521
3770 42 144 2129
3524 47 77 4324
4618 30 100 3698
5219 37 130 5045
5419 88 118 4991
4904 55 30 4819
3047 22 91 4415
3661 63 65 5219
3924 43 28 4713
4524 62 137 3775
4987 92 111 3343
5158 84 58 3737
2107 21 53 4011
3126 89 120 3698
3447 72 3 4934
3524 88 50 3565
4621 1 134 2120
3167 10 3 3050
2540 94 106 4987
4896 98 62 5378
3262 59 85 3124
4780 70 42 2530
4888 78 80 2820
3049 45 53 2728
2667 22 79 2107
4011 60 121 2656
4750 42 19 2120
4377 10 129 4941
2309 52 137 3167
2656 60 88 4033
4533 26 135 2161
3770 31 96 4097
5000 52 59 2224
3299 74 82 4977
2161 45 7 5098
5412 32 40 4262
4427 94 136 4377
4479 1 40 4324
3094 33 74 3966
3064 10 105 3770
2276 5 63 2530
2321 89 130 3737
3124 59 129 3262
4277 42 139 2921
4888 91 11 4262
4259 57 124 5183
4377 39 58 4991
4978 44 3 4113
2267 60 4 3624
2238 99 23 4956
3842 78 54 2820
3490 85 106 4381
4262 44 94 4991
2276 56 75 3108
4467 44 71 4621
3420 31 61 2656
3047 6 55 2309
4784 31 109 4381
2120 89 140 3302
2794 49 77 2728
5158 36 26 4780
2118 98 103 2531
2655 95 125 3239
3163 90 138 2238
3845 10 101 2893
3842 78 66 3386
4427 32 24 5076
4479 87 124 3775
4828 16 104 2321
3420 41 91 4682
3770 59 31 3047
2463 57 77 4011
2126 24 114 3880
4259 27 125 4126
4580 33 10 3882
3167 37 84 3180
3124 33 30 3163
2655 43 105 3127
2224 11 90 2126
2656 1 136 4277
3658 22 48 3565
2531 20 91 5412
5002 40 96 3490
3624 79 71 4977
2369 32 109 3049
4896 40 106 4524
4370 25 55 4479
5105 59 15 3646
3946 69 80 4533
4987 36 106 3030
4368 52 34 3842
2224 7 112 3544
4977 59 5 4600
2837 95 29 2837
3624 25 51 3124
3094 45 65 3180
4833 7 52 2348
3737 95 87 3302
2433 94 40 3972
3698 98 22 4368
2276 38 114 3698
4665 58 11 2326
2276 18 146 2433
3053 68 86 2348
3239 28 21 4375
3302 1 52 4381
4479 59 37 2120
3108 5 42 4467
3126 17 107 5059
3698 27 4 5076
2267 99 25 4370
4259 21 83 3238
3030 4 148 2248
2306 62 75 4941
4772 92 133 2540
4713 77 50 2512
3658 67 38 3108
3842 69 4 5008
4443 98 111 3814
2837 84 74 3759
4750 13 130 4530
3163 26 139 2921
4262 78 131 3880
3580 19 95 4126
2794 47 10 3842
3447 9 136 4011
5002 54 42 4262
4772 99 115 2126
3262 55 134 3661
3180 78 53 2369
2656 92 64 4833
4524 27 58 3880
4810 75 113 4415
2948 81 107 3447
3427 98 23 2120
4033 39 105 3030
3946 96 111 4011
3108 71 37 4033
4621 46 63 2531
4977 60 146 5002
2238 36 27 3842
3163 54 147 5183
5427 51 107 3425
2531 82 75 5219
4126 48 104 4262
2954 17 45 3053
3475 25 73 3580
4833 0 112 5045
4991 34 2 3475
2667 35 135 3700
3302 90 135 3580
3952 59 11 2667
3302 23 80 4664
3049 13 33 2816
2321 62 104 4880
4467 91 130 4880
2331 5 14 3180
4368 46 95 2799
3565 86 141 3966
5105 85 85 3168
4956 87 20 3239
5098 67 99 3124
4033 72 130 4600
3412 71 126 5000
5219 98 20 3127
5059 84 24 3842
4427 83 84 3420
5059 28 129 2531
2369 72 96 4479
5158 66 57 3565
2921 48 38 3842
3238 97 46 3946
3030 28 69 2893
5059 7 76 4132
5088 99 39 3946
5332 80 89 5045
5059 61 37 3490
2893 44 40 3327
3845 62 60 3047
2512 50 67 3661
3466 73 48 5412
3661 38 30 2267
2120 0 46 3163
4688 95 90 3646
4113 59 79 3952
5008 11 32 4521
2118 67 91 3814
3698 65 140 5208
2623 21 119 3842
4261 78 75 4941
5378 40 56 2794
3924 8 119 5454
2238 13 90 4324
4772 25 34 3050
2256 23 9 2129
3775 19 121 4977
4033 98 73 3064
5177 54 33 4956
5059 24 135 2837
2118 50 73 3700
3475 10 133 4381
4682 89 69 2326
3030 44 13 3836
4941 5 76 2667
2728 84 32 3108
3924 22 97 4527
3049 80 146 4833
4158 43 147 4568
2512 66 139 4987
4833 74 143 3842
3737 21 6 5332
3420 6 111 2125
2276 72 61 5183
3698 98 133 5427
2129 17 86 4982
4262 41 140 4956
4956 96 96 5076
2512 11 18 3883
2530 83 121 4896
2512 95 120 3039
3239 26 67 5378
4381 1 81 4784
4527 40 102 3386
4097 10 75 3883
4991 47 120 4896
4370 84 64 4819
4259 1 89 4368
3646 62 70 4600
4888 76 122 4381
3589 23 67 2224
2623 81 29 3737
3008 5 38 4828
4897 12 100 4011
4888 0 149 5454
2530 15 18 2893
4568 54 109 2348
4113 23 145 2118
2224 67 80 5063
3094 58 87 3661
4113 2 149 2331
3565 18 40 3661
4784 1 89 3180
4904 96 39 3524
2879 70 46 3299
4896 49 131 5183
4011 95 128 2107
4443 96 57 5063
3565 87 21 4368
4368 17 22 4262
5170 66 76 2331
3168 74 9 4634
3047 82 16 4810
2879 35 139 3972
2820 84 33 4381
4780 24 11 3882
2331 62 92 3327
4688 57 79 2309
3386 4 51 3883
3030 98 32 3168
3412 13 34 4888
2107 23 55 3814
3127 50 41 4682
4011 8 41 4377
4664 47 39 4443
2309 43 129 4904
2804 49 133 3700
3049 97 55 3994
4033 7 139 3661
4978 55 12 2129
3180 37 94 4370
4665 47 133 4904
4978 69 22 5332
3030 81 96 5059
2161 67 84 3524
4880 69 63 2954
5170 23 99 5098
4527 14 60 3126
4158 90 31 3126
5219 55 5 4956
3836 59 19 3952
5378 72 94 2463
4415 69 131 4113
5076 96 99 3490
5427 82 111 3842
3239 17 59 3842
5208 43 114 3126
2256 95 119 4132
3030 75 122 2224
2820 1 137 2794
3624 67 137 2816
3290 38 125 2655
4033 99 129 3290
2326 61 94 4896
4810 90 18 2129
4904 6 135 3030
4688 16 32 5332
4618 37 71 4956
4780 35 29 3053
3490 11 36 3842
2623 35 40 5002
4113 76 86 5076
4375 87 4 3238
4259 42 39 5076
3064 28 117 3466
3238 29 131 3624
2348 32 97 2309
4664 65 79 5000
4750 5 141 3946
4410 80 53 5177
3624 98 54 3163
3972 29 29 5002
2550 26 0 3842
4810 65 44 4381
4682 14 112 4819
4600 37 127 2799
5332 6 77 4368
3127 16 19 4634
4888 29 63 2224
3425 15 68 4033
3290 93 83 2893
3966 52 107 4600
4897 80 89 4158
4277 98 145 2473
5419 43 117 3327
4377 40 120 3008
4033 3 100 2837
4880 62 131 3646
5454 92 122 5000
3447 96 127 2728
3466 40 136 4600
5008 13 60 4634
4810 92 107 2545
5427 1 52 3030
2331 75 146 4368
4533 94 31 2816
3565 78 140 3658
4370 78 59 4262
4443 96 148 4097
2129 90 40 4956
5098 13 20 4126
4521 81 0 2545
3290 47 33 3882
2954 50 119 2545
2321 57 86 2321
3475 7 89 4987
2639 37 77 5332
3239 29 118 4467
3126 5 60 5008
3880 40 37 3646
2129 75 107 4618
4688 95 82 4158
4904 64 9 4259
5059 30 91 3167
4324 45 136 4750
2267 13 46 3386
4524 58 48 3580
4524 10 146 3238
2550 78 82 2306
2948 38 120 2129
2820 18 10 2248
4126 17 131 4880
3124 34 122 3770
4665 74 105 3814
3343 96 99 4978
2728 96 26 5419
4467 50 16 2550
3475 71 134 2545
4987 38 146 2530
4381 42 96 5454
2545 81 43 4665
4600 13 130 3580
3966 49 117 3290
2306 34 30 4324
4415 80 123 5105
4682 72 67 3168
4978 18 43 2550
2369 94 6 3008
4977 78 43 4158
4126 30 96 3127
4479 41 92 3094
2326 87 61 4259
3167 58 75 3343
3290 79 96 2794
5170 67 57 5158
5063 11 55 4982
4527 27 99 4688
3047 35 99 3343
4750 52 83 3836
2799 38 75 3661
4261 54 107 3924
3262 50 40 5412
2816 46 66 4527
5332 62 123 3386
2804 65 71 3049
3425 34 141 2623
5063 11 62 5428
4524 60 45 4987
2879 5 137 3972
4011 5 90 4113
2433 62 132 4479
3565 15 62 2433
2326 63 42 3836
3299 28 21 3047
3425 22 39 5332
4956 79 35 4324
2550 60 111 4088
3327 55 91 5008
4600 41 141 3646
4132 75 61 3565
2655 96 119 2948
3646 47 86 2656
2921 41 140 5170
3952 77 129 4521
5059 40 46 4381
3997 86 18 2267
4527 76 126 5158
2433 65 25 4443
4810 91 23 3180
3239 55 127 5412
3842 30 86 3524
3420 74 117 3770
5219 89 103 2879
2224 55 128 3972
4618 4 29 2107
2369 1 25 5059
4896 71 68 3425
2545 50 62 5183
4262 7 103 2655
4904 82 38 4991
3343 87 58 3924
2799 32 12 5076
2540 44 101 4828
4033 48 113 3770
4479 73 99 3759
3842 22 132 3952
2120 66 131 2276
3094 94 11 4828
3661 3 123 3386
3770 89 35 2545
5454 5 116 4158
4772 6 75 3094
3946 33 60 3064
2348 2 110 4410
3700 13 97 5059
5008 59 87 3589
4479 79 39 2540
2794 15 144 5419
2531 48 123 4978
2125 39 1 3030
2326 80 146 3412
5098 93 132 4682
4530 19 91 2238
3262 61 119 3565
2816 14 98 2369
3039 56 59 4784
4634 35 52 4427
3883 74 145 3167
3646 10 91 4410
3053 89 69 2667
4088 0 54 4262
2816 89 80 2639
2799 70 128 5098
5008 48 33 3427
4784 27 99 3108
2129 80 102 4784
3427 57 61 4664
4713 93 138 4479
3580 1 45 5105
2463 90 93 3167
3299 64 32 2837
4664 90 7 4113
3427 71 55 3290
2550 5 42 4904
4126 8 143 2667
4011 46 135 2893
2248 19 1 4982
2463 58 21 2321
3050 0 96 2463
2954 51 14 4750
4956 8 142 3589
3047 47 39 2276
4750 67 102 4880
2473 18 89 3049
5158 26 16 3030
4370 66 43 5419
4324 6 77 2816
3658 56 121 4370
4991 29 31 2267
4415 28 18 5105
3946 50 75 4819
2126 8 42 3997
3262 13 105 2433
4259 45 130 3412
3049 37 134 2120
4982 96 145 4991
4479 66 30 4324
3883 33 108 2550
3924 6 141 3836
5183 64 71 2512
3775 37 130 4991
4370 96 89 4126
2248 12 84 4784
4368 17 34 4888
4880 2 83 2331
4521 77 19 2306
3163 59 92 2248
4088 92 95 2161
4888 94 93 4262
2107 9 26 4261
2309 25 76 4259
5105 1 97 2348
4682 72 92 5219
4819 55 136 2129
3589 66 96 3737
2331 89 42 2473
3167 32 32 2161
4664 28 118 2129
3386 1 49 3842
5045 78 3 3030
4370 75 82 3565
5158 94 88 4324
3425 8 21 5170
2540 99 31 3420
3302 20 126 2550
2161 27 12 2125
3475 64 84 4467
2550 94 132 4682
4524 78 120 4888
2948 26 103 4634
3127 29 84 4011
4521 9 57 4600
3427 32 56 4580
4978 83 102 4381
3524 49 103 5170
5002 11 36 4467
2331 31 13 3420
3882 27 141 3524
4888 70 18 4688
3124 99 132 4580
3661 97 149 5428
2326 76 141 4262
2125 66 64 4324
4991 2 91 3167
5076 16 83 3412
3163 92 7 2921
4982 51 93 3466
3412 57 10 4410
4713 65 133 5412
2837 47 148 4618
2540 75 10 4467
2816 22 98 4941
4261 46 52 4097
4381 94 97 4780
4784 78 54 4897
3994 18 103 5045
4688 12 103 4897
3836 13 148 2224
2309 40 15 5412
2256 81 69 4377
2224 96 121 2948
4580 49 99 4262
5008 10 62 3661
2309 87 55 3343
2550 5 85 4530
4158 9 91 5000
5332 21 4 4896
3759 93 40 2799
4521 63 73 3180
4410 27 57 2224
2309 90 96 2267
3775 6 78 3490
4375 44 77 4370
3386 81 81 5332
5008 24 90 4880
4097 83 70 4833
4533 40 3 4934
2820 83 101 4991
2369 50 39 2129
4479 73 52 4113
4533 78 74 4934
3124 42 94 3053
2820 72 108 2820
2238 13 2 4033
3836 11 106 3420
2306 42 28 5098
3127 68 129 4527
3447 55 25 4780
3327 46 144 3475
5158 53 115 2512
3882 77 43 3475
2348 25 114 3700
4410 27 68 5059
5177 64 50 5063
3180 4 133 3127
5177 70 48 2126
4780 48 44 3524
3302 89 1 4527
3646 24 95 3924
3302 23 84 3466
3997 19 39 4713
4377 78 43 3997
4888 55 4 3624
3302 82 75 4259
3299 17 115 2238
2129 15 71 3124
4527 10 42 4479
5177 46 121 2224
5170 68 118 4977
4810 42 149 2545
3167 35 131 4991
3050 58 75 5045
3425 93 141 2161
5170 14 67 3466
4828 56 21 2820
4819 66 54 2129
4324 40 98 4033
4780 31 103 4888
4527 22 61 4324
4375 63 70 5002
3427 61 2 3239
4665 41 95 3126
4888 76 72 2816
3994 17 49 3180
4819 83 28 4527
2879 80 53 5098
2816 29 52 2348
4904 3 39 3167
4819 3 139 3302
2804 73 131 3290
4377 0 142 4897
3239 43 81 2129
5208 43 9 3238
3836 49 25 3050
3030 56 101 4377
3427 32 73 2306
3661 6 15 3108
3064 36 103 4634
4113 28 117 4533
3127 92 108 2326
3842 52 0 4126
4479 22 17 3836
4524 68 50 2804
3661 47 17 5170
3008 16 44 2816
2948 13 23 4527
3880 65 35 5158
4904 29 68 4664
2224 44 144 2248
4750 19 128 4978
3126 5 38 3425
2248 13 139 5332
2129 32 21 3466
3658 79 7 4780
5427 5 5 3239
3050 67 1 2639
3427 97 61 2954
2512 46 29 3490
3094 88 20 2107
4410 72 111 2463
5427 63 13 2512
3475 70 84 3239
2820 72 120 4828
4828 76 78 4618
3238 61 106 2107
3180 14 7 2623
2126 5 84 5332
4467 59 15 2433
2816 84 48 4618
5412 81 60 5008
3842 74 50 4664
4978 82 116 3624
3127 39 99 5063
2639 15 74 3299
2728 71 60 2879
2256 40 55 2161
4828 32 136 4634
3490 39 7 3490
4277 69 140 4568
4664 52 78 5000
3238 16 120 3580
4977 0 7 2161
2879 88 73 3299
4977 77 77 4259
5076 74 65 4896
3050 97 68 4810
4713 8 143 3427
3524 33 136 3466
4377 50 142 3047
5158 76 137 4375
2545 78 110 4810
2224 34 99 4370
3262 55 31 3386
4261 89 52 2238
3994 6 21 2120
5000 38 144 2276
2238 56 131 4888
4368 68 100 3565
3842 97 132 4277
4467 6 122 4467
3262 76 134 4956
4904 4 42 4987
2948 48 137 3589
3882 2 127 4375
4261 41 25 4410
4688 74 144 2473
5088 17 71 3127
4833 95 135 3661
4982 94 29 3700
4377 84 7 2433
5000 13 103 5332
3658 16 116 2125
2161 74 26 2433
4415 8 73 4880
3327 60 56 4810
2531 58 58 4370
3589 68 20 2463
3700 44 99 5170
4688 17 108 4987
2276 60 1 3239
4713 58 125 5008
3050 51 145 4368
3836 95 7 5412
4261 41 46 2655
4713 14 64 2238
2816 27 99 3845
3290 72 118 2512
2321 53 138 3238
4259 34 1 2118
3420 48 100 3972
4277 96 95 4880
4618 48 105 2545
4479 65 34 4897
4888 16 107 2161
3343 76 30 2473
4956 23 36 4033
3565 22 41 4982
3047 77 143 4665
4443 79 44 3882
4580 21 133 3759
5378 31 13 4810
4600 67 17 3544
2667 60 83 5098
3658 96 53 4880
5208 82 47 2794
4530 86 18 2321
5059 41 95 3262
4688 36 37 3845
4618 1 104 2256
3299 17 112 2276
4833 53 66 3030
3972 44 130 2369
3299 83 34 3882
3447 8 80 3290
5002 8 74 2804
4262 17 60 4324
3447 96 87 2655
4621 57 70 2820
5208 57 41 3163
5098 1 134 5419
3658 90 12 4410
4956 21 107 3646
2820 60 80 3008
3049 6 21 3343
2879 6 22 2463
5158 90 57 2129
4977 44 21 3966
2326 97 97 3124
4377 91 48 5427
2224 7 36 2238
3775 41 32 2463
3836 81 75 4530
5208 75 110 2369
4977 88 124 4833
4987 14 26 5454
2948 15 138 5170
3924 65 112 4956
4941 9 75 4530
4682 66 23 3661
3842 36 54 2256
3836 89 63 3580
2545 2 99 3842
3127 73 6 3008
4324 88 18 2879
5158 5 68 3836
2463 74 94 2893
4375 0 47 3972
2667 69 141 3565
4033 1 30 4377
4467 48 127 3064
2531 68 35 3167
3842 14 56 4479
3700 16 27 5419
3845 20 55 3698
3770 15 30 3966
3425 61 9 2512
3646 84 86 4521
3997 26 9 4377
3127 0 6 3327
4467 95 101 3343
3737 45 128 3700
5454 2 46 4377
3972 10 121 4415
3049 88 148 2820
3770 47 42 4664
5208 12 71 3299
5076 56 105 3997
2728 48 138 4621
5412 71 46 5088
3053 12 116 3646
4259 35 2 3049
2540 64 76 4580
5002 19 49 2893
3108 22 20 4688
4381 69 146 4750
3327 82 99 2326
2348 21 37 4991
2129 14 93 3412
2107 63 70 2667
4132 75 114 2248
3565 55 105 4533
4158 60 15 3475
4370 50 87 4987
5063 65 121 4113
4833 76 48 4634
3299 17 56 2321
3836 41 136 4033
5332 91 60 3163
3126 48 61 3544
4368 99 104 5427
2238 42 15 4377
5419 34 138 2125
2948 78 30 2948
2667 4 106 3030
4600 66 22 3883
2118 32 118 5076
2306 20 87 4941
4033 73 66 4904
3127 29 96 3580
3290 56 36 5000
4982 19 80 3524
3646 3 139 5428
3624 10 50 3475
4527 18 102 4375
4467 59 26 4568
4600 89 64 5378
2623 24 77 4443
5419 4 79 4664
3420 83 53 2816
4158 47 16 4132
2545 68 142 2816
4158 75 7 3447
4987 96 69 2276
2369 12 108 4888
4467 88 42 4443
4427 28 108 3966
3049 55 10 4262
3972 15 9 5002
3580 89 34 4880
4132 20 56 4810
4580 9 101 4828
4880 36 38 5427
3167 28 6 4277
3845 75 59 2126
3327 94 76 3490
4467 19 113 3845
5002 40 65 3290
4011 67 58 2820
2369 9 19 4665
4377 97 46 2309
4934 60 49 3770
2433 45 81 2306
3946 87 81 4896
4987 37 112 4941
4377 4 33 3845
4443 29 130 3447
3490 10 47 2921
3327 99 84 4568
4618 53 37 3299
2893 66 72 5208
4467 81 62 3030
2820 80 98 2129
2224 50 98 3420
4600 2 48 5208
3466 41 89 4665
3814 38 135 3412
2820 75 106 2512
3624 56 34 3698
4410 31 119 4713
3946 93 31 2276
2728 64 94 3646
2816 38 31 4158
3124 79 7 5332
3589 58 36 4665
2369 32 132 2107
5428 83 142 4934
2794 51 23 3302
2530 84 85 3386
4277 0 49 2530
4524 50 6 4479
4688 90 149 5208
3030 30 36 3420
3698 57 72 4277
5088 26 77 4568
2623 1 116 5059
3845 66 137 3053
2837 44 108 3039
3952 35 100 3883
4682 68 132 2799
2656 42 121 2948
4533 13 59 4479
4524 65 93 3624
4880 23 119 5427
3180 74 99 4524
3952 32 93 5428
4828 73 78 3126
3924 7 22 5419
4368 45 7 2126
3412 30 68 4664
2820 16 10 2820
3524 73 3 4097
3836 84 9 5219
4833 72 125 2326
4126 25 67 3997
2728 49 46 4132
2893 70 31 4682
2954 50 93 2656
2309 66 87 3420
3343 48 93 5208
4113 48 102 2129
3167 43 138 5000
3658 39 68 4784
3049 82 57 4904
4977 17 1 4132
3759 75 19 4665
2512 32 123 4987
2728 47 42 4410
2129 20 106 4011
4033 89 16 3290
3842 54 145 3544
4664 23 44 2267
2463 42 149 4664
3239 18 93 5063
4688 92 98 2545
2118 58 129 4033
2321 83 32 4888
4688 15 148 4261
5219 6 136 4427
4956 76 25 4533
3698 14 8 4688
3127 6 1 2655
2161 49 146 2120
3050 28 39 4368
3053 42 109 4410
5098 50 82 4621
4896 94 43 3420
5427 78 49 4324
2954 99 137 3386
3126 74 121 4097
5183 72 37 4259
4904 30 40 3108
2799 25 141 2267
4033 87 98 4427
2550 15 39 3447
5002 96 113 2306
5332 38 143 3168
4810 2 140 4833
4750 19 125 4261
4784 40 139 2728
2463 6 77 3775
4097 9 135 4977
4880 70 146 2129
5219 78 70 2161
3290 54 17 3239
4259 35 38 2948
4033 96 13 2129
3845 19 31 2804
5008 1 114 3050
4600 1 91 4618
4443 45 30 3698
5177 69 20 2326
3447 0 11 3302
3008 58 104 4524
3924 36 117 4828
2512 4 105 2656
4896 7 81 5332
3845 30 45 5427
4467 13 42 2804
2238 71 149 4033
2512 11 122 2799
5427 57 127 4443
4527 48 29 4113
3475 12 109 4888
4097 56 26 3239
4934 28 40 4991
3124 14 48 3425
2248 94 117 4158
2540 54 77 3124
5208 76 14 2161
2623 7 105 2948
3302 22 24 5219
2348 72 32 4904
4262 62 8 4713
3108 38 124 5428
2816 34 39 2433
4261 55 12 5183
3427 58 79 3163
4780 93 35 4828
5183 65 76 2120
2530 41 114 3624
3946 88 43 3997
4987 24 43 2120
3737 48 50 2623
5170 48 53 5076
3737 91 54 2837
4880 18 135 4810
4467 48 109 2655
4443 35 94 4126
2656 80 64 3126
2463 48 27 3924
4370 11 82 3624
4132 72 87 4621
2540 70 17 2656
3386 39 125 3047
3737 61 128 3039
3124 75 73 3658
5000 74 99 2126
5008 19 90 4324
2321 86 35 3589
2267 97 46 5105
2820 24 6 2331
3661 75 129 4819
4772 6 0 5170
2804 4 129 3039
3883 25 48 2656
3646 66 84 3168
3775 89 65 4368
3836 63 28 2656
4833 72 72 5419
3994 30 79 3168
5177 76 134 2639
4524 49 36 2267
5183 66 138 3544
2794 73 14 4427
4524 28 49 3994
3447 19 142 3842
3880 7 6 2921
4750 18 76 3883
3064 39 35 3447
2463 27 139 3124
4772 8 135 3924
4568 30 100 5000
2893 81 5 4833
4810 42 146 3759
5158 57 27 4158
3039 87 130 4784
4941 42 44 5008
4262 72 4 4665
3412 62 92 4568
4880 40 17 4262
5076 85 3 4530
2799 95 134 2948
3880 93 141 3064
5219 29 19 2728
4261 3 20 4982
4113 63 128 4888
5454 61 101 4527
4410 97 148 4987
5002 42 4 2656
4368 46 8 4527
2107 58 114 2794
2326 55 71 2126
4443 51 28 5088
3661 31 146 2820
4527 93 116 4664
3420 13 59 4750
5183 38 66 3524
4527 28 26 4750
4259 89 97 3880
2331 97 139 4033
4415 77 123 3163
5008 79 24 2820
4941 9 77 4880
2794 0 18 2794
3427 87 23 4262
5427 28 30 3447
3972 16 21 3290
4381 73 83 4033
4033 57 4 5454
5428 88 39 2238
3994 8 64 4033
3290 90 109 4810
2276 3 108 4533
2276 16 70 3127
2820 10 147 4833
2837 47 112 3094
3700 10 74 4784
2126 7 24 4828
3420 33 76 3770
4277 92 70 2120
4088 60 11 4784
3030 60 1 3737
3386 30 68 2276
3302 40 80 2837
4443 30 100 2129
4941 59 56 5088
3327 57 18 5063
4977 85 43 3302
3924 14 99 3842
4527 91 0 4533
3565 97 130 4888
4568 98 30 4088
4033 71 101 3039
2667 44 43 2125
3952 32 2 2799
2820 83 83 3064
3775 93 137 2820
2267 34 85 5063
5076 28 62 3447
3386 56 87 4810
5183 72 118 4375
4982 99 52 3994
5045 24 95 2331
4634 54 36 2248
4772 33 61 2326
3163 49 111 4987
2118 91 50 4261
3108 19 36 4634
3589 25 107 2512
2656 92 138 3952
3842 65 97 3565
4467 1 5 2639
3759 77 77 2331
3924 84 144 4688
2954 48 79 5158
4568 68 103 2656
5059 1 130 3425
4664 87 119 3126
3047 71 88 3661
4530 9 10 3624
4618 36 52 2256
2837 48 103 2540
3466 45 109 2331
4810 1 43 2655
5378 43 98 4896
4621 5 21 3737
2954 60 32 4377
3661 44 121 3466
5088 18 73 3412
4375 10 111 3524
4819 86 10 4682
2267 76 0 4443
3050 96 57 2530
5063 52 122 2540
4368 90 53 3126
4664 61 111 4880
4664 51 25 3168
2248 10 67 4682
5105 45 59 2256
2473 9 87 4600
4772 22 44 4888
3425 59 85 3420
4530 32 51 3168
4033 28 52 3580
3053 35 120 2820
2948 45 8 4634
5378 14 130 4261
2120 22 145 4033
2623 34 146 2623
4888 14 101 2545
4527 39 122 3475
2820 15 91 2639
4377 64 52 2256
2129 14 23 2893
2125 95 143 3661
5105 38 50 4987
3030 34 118 4011
2321 37 109 3814
2129 39 75 5219
3343 22 60 4750
2321 43 93 4088
3238 0 7 3262
2463 36 5 4467
5170 2 79 4772
4618 66 32 3972
2348 3 4 3049
4259 88 17 3624
4033 42 26 5454
4113 77 98 3124
4370 61 15 5177
3882 74 101 3544
5000 85 145 3126
2545 13 38 5428
4033 69 16 2655
3050 4 114 3737
4126 20 77 5076
2321 18 38 2816
3880 68 80 3524
3589 59 75 4880
4682 55 16 5208
2463 60 21 3302
4530 99 130 4896
4978 38 53 2118
3883 96 92 5378
5045 78 21 4088
4097 76 105 2267
3544 52 120 2799
4370 79 148 3049
2656 10 88 3327
4665 70 47 4415
2530 85 127 3302
5098 25 115 3124
2331 29 1 2321
3880 1 99 2267
5008 19 14 2837
3882 88 70 2161
3466 61 95 2238
4324 23 85 5183
2256 60 63 3972
2921 33 36 3425
5378 62 126 4987
4033 70 88 4621
3814 48 110 3882
3997 68 143 5063
3126 43 27 4982
3343 55 28 3447
2655 90 7 4088
5183 8 2 3299
4634 34 91 3343
2348 91 39 5428
4896 39 35 3030
5105 91 110 4810
4991 2 115 4568
5177 3 76 4533
3167 26 8 2804
3049 78 141 2820
3420 7 111 4033
5177 85 67 5076
3108 2 110 2820
2238 12 10 5419
2728 94 93 5063
5177 83 87 4580
4772 35 24 3108
4713 89 21 2256
4784 80 102 4580
4443 36 45 3127
3343 98 111 4880
3972 5 139 3845
4772 40 67 5045
3047 74 77 2540
3039 23 140 3163
5098 47 123 2309
2837 37 37 4530
2348 85 21 3544
5419 21 66 3997
4888 20 6 3290
3053 62 28 3770
4527 24 38 2276
3302 36 4 2473
5045 73 69 5170
3475 67 34 2816
2129 22 85 4780
4600 79 50 5105
4033 69 89 5378
4934 31 52 4665
4956 33 63 5427
2550 67 39 3420
3524 65 45 4088
2276 46 79 2804
2540 30 62 2954
4888 51 63 5208
4277 87 53 3343
3836 34 112 3842
3770 25 9 4634
3180 40 132 4682
2224 38 95 3759
4772 5 132 3108
4982 18 128 4259
5378 84 34 2921
4772 36 57 3646
2545 12 73 4381
2728 58 4 3343
3775 55 85 4819
4665 30 63 2309
3030 33 11 4533
5427 84 107 2948
4033 6 25 5158
3094 69 98 5098
2921 72 45 3127
4665 7 122 4262
2326 83 138 3882
3882 22 10 3661
4033 28 116 4261
4828 50 130 4934
4113 22 74 3008
2545 75 66 2530
4524 55 55 2893
2309 69 78 2129
4956 39 43 3167
2667 55 93 4261
5219 62 144 3238
2129 82 1 3127
3425 95 85 2921
4443 35 143 3420
5045 64 6 2161
3759 14 109 5454
3126 98 6 2433
3883 27 27 3239
5378 46 15 3030
5000 70 72 5008
3997 61 126 4381
3127 36 62 2256
4664 88 50 3327
3490 64 131 3997
3008 29 131 4888
3882 88 122 2256
2107 7 148 3845
2120 18 35 5412
3524 77 6 4158
4324 1 115 4621
3262 75 6 4833
4941 84 47 3064
4941 40 131 4132
4982 18 111 2248
2531 48 37 2276
5454 71 48 2473
2125 39 131 3039
4987 79 130 4375
5419 68 140 2728
4262 74 112 3238
2107 51 132 3108
4991 3 57 4368
4888 27 104 2120
4377 4 14 5088
2120 49 134 2656
2893 78 148 4277
2667 83 103 4381
4415 95 84 4664
3759 84 25 5170
4415 12 124 2667
2238 83 64 4262
4113 68 137 4750
3299 11 58 4479
5000 62 34 4368
5427 40 137 5158
3124 42 29 2728
3700 7 64 3466
3047 11 97 4370
3124 17 79 2306
5158 74 134 5088
2129 73 94 3050
4618 67 114 3658
3180 27 126 4443
4521 6 84 4113
3238 53 124 2306
3262 65 45 3008
2667 21 133 5219
2118 82 23 4713
2512 48 145 3343
4828 41 21 2820
3544 27 26 3386
4978 93 63 4443
3343 66 21 4088
5428 88 50 4132
3946 20 138 3775
3302 52 112 2248
4750 19 81 5158
2550 53 92 2820
4713 29 61 2107
4904 25 109 3030
4934 17 126 3966
4113 12 4 3490
2667 51 97 3658
4664 64 145 4810
3842 25 27 3882
5105 32 38 5059
3447 67 2 4524
2530 16 17 4524
3475 90 8 3842
3180 13 33 5000
5170 30 87 4682
3882 95 106 2473
3030 62 80 4261
2238 63 108 5105
2129 60 84 3427
3127 68 115 5008
4833 75 20 4530
2667 1 41 3239
4524 1 67 5059
3997 87 136 4784
4880 51 69 5454
4097 33 30 3064
2326 93 44 3759
4688 72 74 2893
4381 93 27 3842
3882 71 88 3698
2837 61 31 3180
2954 73 79 4688
3053 48 19 4443
4033 63 41 4682
4833 60 116 2309
4934 21 40 3168
4664 51 3 2837
2550 98 50 2129
3343 33 17 2531
4941 48 46 2267
4888 43 31 5158
4524 81 43 3698
2954 56 66 3997
4934 66 112 3624
2118 95 121 4618
3966 63 25 4750
5170 9 149 4828
5170 60 12 4991
4977 45 18 4780
4600 26 40 3952
4521 17 57 2879
2161 93 148 3698
3842 81 87 3290
2655 98 37 4088
5183 1 97 5170
2531 32 58 2433
5063 15 1 2129
