BFS
200 200
3349 161 120
2719 170 29
750
2897 117 121 2680
2818 139 177 2838
3087 92 117 2222
2897 79 147 2837
2496 19 120 2308
2158 60 164 3231
3377 187 19 2562
3235 1 27 2818
3071 173 188 3115
2515 162 138 2496
3349 12 91 3235
3128 33 149 2515
2318 55 121 3128
2515 128 57 2818
2562 7 23 2496
2726 179 109 2222
2315 100 43 2740
3231 197 125 2318
3275 61 148 3275
2315 83 174 2315
2818 13 115 2897
3349 118 180 3231
2563 166 168 2532
3387 11 135 3387
3228 164 184 2390
3087 56 171 2222
2897 33 112 3309
2222 84 117 2177
2747 7 169 2158
3087 129 182 2497
2719 1 101 2680
3235 173 0 3309
2562 155 91 2747
3387 16 140 2526
2308 191 113 3228
2308 60 188 2562
2515 124 100 3309
3115 136 12 3349
3040 162 71 2177
3349 187 74 2222
2719 27 31 2532
3071 194 192 2444
2343 180 27 2308
2343 43 22 2837
2719 141 97 3309
2532 118 98 2532
3141 70 89 2318
2343 93 96 2158
2221 29 162 3128
3231 33 195 2815
3228 74 84 3309
2726 183 185 2390
3235 9 147 3231
2747 189 57 2515
2652 15 191 2222
3387 190 152 3040
2177 27 95 2308
3275 63 109 2210
3040 105 22 2896
2210 117 115 3387
3141 140 75 2515
2837 172 186 2562
3071 192 39 2562
3115 149 15 3040
3309 69 168 2343
3228 99 63 3141
2532 78 181 2652
2875 127 192 2496
2222 115 169 3040
2390 88 168 2177
2526 178 172 2177
2747 14 22 2158
2680 144 104 2177
3349 144 58 2740
2897 174 191 2390
2532 7 147 3128
2875 195 46 2838
2838 184 46 3231
3228 52 57 3235
3098 118 125 2815
2711 137 68 2515
2221 109 111 2680
3275 154 39 2818
2210 0 196 2444
2532 156 90 3228
2711 163 192 2897
2680 123 43 2818
3235 71 122 2515
2390 29 25 2875
2221 32 151 2210
2526 75 147 2837
3128 0 98 2815
2897 157 94 2343
2562 61 8 2177
2896 85 16 3228
3377 54 78 2818
2343 172 83 2177
2444 86 154 2308
2390 170 161 2702
2318 79 103 2837
2496 156 155 3309
3275 99 111 3349
3228 177 136 2221
3128 170 76 2897
2222 152 159 2526
2711 13 117 2837
3275 196 109 3040
3349 94 197 2221
3128 41 196 3387
3377 81 101 2497
3275 131 111 2177
2158 189 42 2815
2308 5 50 2726
2726 125 1 3231
2726 72 192 3231
2007 113 8 3115
2007 39 46 3128
3228 104 99 2838
3387 7 190 2221
2563 181 137 2007
2747 193 97 3128
3235 157 148 3387
2818 56 22 2838
3040 74 7 2562
2562 22 58 3141
2719 71 161 2726
2158 109 121 3128
2563 109 72 2680
2896 137 6 2818
2562 39 30 2896
2308 100 169 3235
2515 75 9 2515
2897 126 113 2837
3387 122 26 3115
2562 151 49 2740
3309 23 27 2515
2702 34 176 2318
3098 3 94 3115
2740 199 182 2838
3377 155 177 3275
2719 175 85 2308
2711 159 148 2496
3040 167 20 2702
3349 168 189 2815
2897 164 199 2515
2177 7 159 2740
2711 76 77 2837
3115 149 137 2315
3087 92 86 2496
2726 186 170 2177
2221 193 51 2177
3231 44 105 3128
3377 126 55 2896
2515 175 105 2177
2526 156 190 2838
2838 125 197 3040
2719 7 17 2740
2896 6 123 3128
3141 161 27 3377
2308 78 147 2496
3141 98 70 2515
2496 172 154 2007
2343 8 170 3087
3040 135 38 2177
2680 43 131 2726
2222 140 33 2497
2318 158 139 2563
3387 48 135 2815
2875 153 115 2390
2680 110 183 2897
2222 94 139 2562
2680 36 138 2740
3071 55 53 3087
2308 115 82 3141
2390 147 85 2007
2210 144 5 2315
2210 53 99 2221
2726 104 166 3387
3071 98 160 2177
2007 28 37 2818
3387 44 86 2315
3071 78 192 2318
2210 66 33 2719
2221 24 112 2726
2177 58 56 2390
3235 148 112 2526
3115 38 0 3098
3231 160 194 2177
3040 194 82 3387
2897 166 61 2308
3087 19 54 3377
2497 5 169 2222
2563 77 28 2496
3377 39 24 2726
2740 163 100 2177
2747 68 163 2343
3309 76 88 2747
2526 148 109 3128
3128 184 133 3235
3087 37 121 2496
2532 90 137 3115
2343 131 182 2896
2532 67 63 2390
3087 38 94 3349
3387 196 153 3071
2818 65 27 2837
2526 162 93 3235
2308 137 66 2497
3235 189 9 2177
2897 47 169 2652
2158 102 156 3349
2177 56 158 2390
2210 131 145 3087
3387 88 195 3235
3349 17 106 3115
2896 62 117 2158
3387 147 119 2897
3040 61 73 3128
2007 107 105 2740
2007 166 192 3098
2497 162 143 3377
3087 116 19 2896
2158 39 59 2497
3128 188 195 3275
2210 75 33 2318
2719 74 96 3087
2496 0 147 2497
2896 121 3 3087
2740 169 63 3128
2818 80 184 3228
2308 13 7 2719
2896 95 90 2177
2726 191 182 2719
2315 161 25 2210
3228 181 177 2562
3228 185 75 3071
2740 159 114 2390
3128 89 40 2158
2747 104 29 2444
3115 180 130 2740
2315 98 29 3141
2896 134 43 3275
2315 15 12 2496
2897 49 161 2318
2315 144 194 2838
2747 177 89 2390
3235 16 1 2210
3040 35 199 3349
3087 105 100 2563
2838 134 179 2315
3231 136 40 2222
2497 43 83 3377
3040 47 152 2444
2343 79 112 2390
3040 137 185 2444
2747 78 24 3309
2343 155 160 2680
2562 104 23 3071
2740 175 125 2158
2177 179 35 2740
2177 162 35 2563
2318 57 175 3275
2711 62 17 2563
2875 130 134 2652
2390 144 163 3309
2526 47 51 2818
3387 50 32 2896
2315 129 47 2210
2007 76 110 2177
3040 43 77 3040
2496 144 155 2818
3235 178 147 2532
2343 107 194 2875
2563 100 100 2532
3087 65 1 3141
2562 198 2 2177
2747 50 54 3141
3115 120 44 3087
2177 18 20 2838
2702 165 146 3235
3349 139 164 2515
3098 47 71 2702
2680 58 185 3275
3235 177 57 2318
3387 119 76 2210
3040 98 160 3098
2719 135 51 2896
2210 55 173 2726
2562 136 33 2315
2711 166 157 2875
2897 19 49 2497
3040 69 7 3040
3349 21 79 2875
2444 177 98 2702
2318 183 85 2444
3309 42 139 2390
2702 172 49 2444
2318 27 22 3141
2308 68 26 3098
3071 13 187 2177
3349 179 74 2652
2343 71 61 2747
3309 86 78 2177
2837 191 52 3087
3141 175 56 2740
3115 44 30 2177
2563 80 59 2177
3387 121 52 2897
2315 136 183 2875
3231 116 163 3275
2158 176 16 2562
3128 157 144 2318
2680 173 58 2711
2497 122 99 2711
2315 125 15 2210
3275 99 34 3377
3228 124 13 3071
2222 3 114 3040
2652 29 141 2563
2875 186 61 2740
3087 145 131 2747
3377 168 10 2719
2315 174 192 2897
2838 54 87 2308
3141 195 0 3231
2318 107 26 3071
3275 177 12 2815
2390 162 80 2837
2007 132 9 2496
2007 126 166 2563
2343 22 192 2308
3309 67 117 2838
2515 1 174 2702
2343 198 11 2177
3275 31 149 2897
3115 10 60 2711
3115 182 186 3115
2875 89 154 2652
2563 118 4 2815
2444 108 116 2526
2562 166 182 2815
3115 128 140 2343
2496 184 7 2652
2815 73 173 3377
2158 10 174 2815
2222 139 62 2680
3387 50 114 2390
3231 33 153 3141
3309 143 9 2390
2222 77 101 2563
2318 32 144 2496
2532 164 10 2740
2726 195 121 2837
2562 49 108 3228
2562 65 154 2318
2740 17 1 2210
3377 102 192 2390
2390 192 38 3087
3309 172 100 2177
2221 0 92 3309
3235 121 31 2222
2740 163 7 3071
3309 166 167 2562
2680 36 65 2390
2532 87 93 2818
2343 123 176 2818
2652 35 182 2515
2177 161 12 2496
2719 197 17 3377
3235 34 197 2444
2526 44 105 3087
3231 72 103 2563
2719 124 77 3141
2702 65 171 2747
2390 90 148 2444
2563 88 111 2818
2875 95 171 3377
2210 151 133 2318
2719 150 15 2318
2652 182 61 3228
3098 103 94 3349
2007 108 113 3040
3231 151 135 2815
2390 10 163 2652
2711 85 149 2444
3231 17 118 2897
2210 148 135 2308
3228 18 159 2343
2652 150 140 2719
2532 91 124 3141
2444 161 92 3128
2318 120 135 2318
3141 149 58 2177
2007 152 29 2680
2515 108 165 2747
2497 180 119 2308
2343 8 36 3275
2680 167 55 3228
3387 38 91 2444
2680 70 76 2818
2711 84 138 2390
2563 71 106 3040
2515 198 59 2177
2222 176 195 3071
3141 192 23 3309
3235 21 186 2897
3115 149 156 2315
2221 97 130 3309
2726 37 4 2308
2177 95 161 2526
2652 110 175 3128
2711 127 38 2719
2177 59 114 2726
2875 13 149 2318
2177 101 18 2711
3387 64 156 2343
3141 178 9 2680
3071 184 86 2837
2343 149 5 2221
2007 79 49 2875
2497 52 158 2875
2562 136 47 2210
2315 25 83 2315
3349 193 0 2210
2875 94 183 2652
2562 113 93 2515
2818 27 193 3071
2210 191 165 3087
3275 67 166 2390
2177 112 163 2177
3228 134 139 2444
2515 199 108 3087
2515 63 197 2726
3231 147 179 2177
2158 196 100 3309
2222 48 35 2222
3098 74 113 2390
2343 13 12 3040
2815 184 31 3071
3141 176 104 2562
2838 166 195 2815
3387 131 105 2177
2177 82 145 2526
2818 4 197 2818
2007 30 67 3071
2222 147 58 2343
2496 58 126 2315
2818 185 61 2318
3231 91 8 2896
2177 100 165 2515
3235 5 199 2444
2315 115 159 2308
2815 73 92 3235
2896 78 97 2818
2837 155 114 3228
3128 100 26 2210
2007 8 45 2740
3098 117 151 2221
2222 84 138 3071
2747 104 27 2515
2515 75 76 3309
2221 13 79 2652
2177 194 25 2315
2897 91 145 2680
2818 88 12 2532
3040 32 123 2444
3349 187 20 3275
3040 121 183 2532
2177 156 172 2815
2318 136 60 2702
2875 81 76 3098
2563 74 103 3071
2719 112 151 3115
2837 44 46 2719
3228 43 184 2444
2815 176 0 2222
2719 52 29 2221
3349 155 15 2818
2719 161 131 2308
3377 141 155 2740
2177 164 59 3115
3231 109 85 2177
2815 56 104 2897
2815 190 77 3387
2711 108 123 2680
2680 87 187 2563
2210 85 79 3141
2222 7 140 3040
2747 47 27 3141
2221 38 74 3141
3309 31 127 3309
3087 144 163 2837
3040 26 47 2343
2318 64 180 2343
2815 176 90 3235
2747 135 60 3128
2318 74 92 2897
2222 23 5 2221
3387 178 192 3098
2221 68 182 2818
3275 165 88 2680
2343 39 175 3309
3349 49 7 2563
2308 85 59 2719
3309 29 16 3377
2497 142 49 2563
2515 86 114 2177
2875 158 34 3377
2315 144 148 3098
2747 64 45 2652
2896 16 184 3071
2652 91 120 2526
3098 189 26 2726
2680 37 86 3087
3387 147 175 2221
2837 9 157 2222
2308 76 147 2221
2515 160 79 3377
2740 13 127 2526
2532 13 160 2007
2515 18 90 2390
2719 159 170 2818
3141 69 49 3040
2815 153 82 2838
3231 48 177 3071
2315 71 28 2318
3128 139 46 2818
2515 14 53 2318
3141 100 176 2177
2818 8 190 2747
3141 46 4 2837
2497 131 87 2532
3228 182 149 2815
2515 91 2 2719
2318 129 37 2318
2837 128 139 3275
2652 139 182 2210
2818 173 93 2680
3087 164 141 2315
2875 176 192 2308
3228 133 34 3141
2444 129 158 2740
3040 122 109 2158
2815 48 164 3377
3275 198 11 3377
2496 179 73 2838
3309 110 87 2719
2515 44 13 2815
3098 140 50 3235
2343 12 114 2680
2897 151 84 2652
3128 152 115 3115
2838 111 4 2532
2562 94 146 2740
2896 118 181 3115
3071 56 54 2158
2837 17 64 2526
3231 107 85 3115
2747 178 179 2719
2526 129 38 2158
2815 179 174 2719
2815 6 94 2875
2719 166 133 2177
3040 168 37 3349
2444 124 20 3087
2343 136 186 2563
2896 164 140 2711
2875 75 130 3231
3071 34 132 3231
2702 40 35 2343
2719 79 138 3228
2562 91 179 2740
3228 63 9 2496
2896 67 106 3228
2222 12 146 3128
2315 161 149 3098
2652 139 76 3141
2740 133 10 2837
2815 153 45 2177
2747 90 88 2896
3275 67 157 3387
2815 196 71 3128
3377 109 127 2390
2897 194 2 3128
3349 41 24 2815
2308 136 188 3071
2221 76 178 3387
3309 169 160 2390
2497 7 31 2563
2702 112 64 3309
2158 33 25 2815
2318 119 186 3231
2497 164 52 2702
2496 49 139 2444
2526 63 113 3087
2702 130 180 2875
2526 10 3 3040
2222 52 179 2680
3235 39 183 2652
3128 13 17 2158
2726 157 81 2496
2221 95 145 3387
2497 22 163 3141
2532 170 49 3275
2496 159 30 2726
2680 164 188 2838
2719 187 67 2875
3071 116 190 2515
2390 148 171 2711
2177 137 119 2680
2652 30 175 2711
2343 119 184 2496
2740 62 15 2563
2562 189 72 3098
3098 158 13 2818
2343 95 35 2496
2726 107 186 2562
2496 177 37 2740
3275 41 15 2726
2711 18 0 2562
2702 186 183 2343
2177 161 164 2315
3228 162 167 2390
3235 54 166 2526
2563 196 42 2837
2818 79 122 2158
2652 116 161 2652
2390 120 156 2222
2711 31 160 2158
3087 116 148 2702
2444 46 124 3071
3377 185 41 3309
2837 39 38 2496
2815 106 129 2497
2562 2 72 2726
2815 161 189 3071
2652 144 172 2652
2563 86 98 2747
2390 196 68 2210
2343 154 174 2526
2897 32 100 3141
3235 80 12 2007
2532 190 80 2837
3387 155 79 2702
2837 187 198 2896
3141 182 9 2177
2315 46 196 2526
2497 166 59 3228
2343 79 129 3275
2897 14 26 2318
2390 128 33 3071
3275 14 163 3231
3115 176 150 2496
2562 59 111 2515
2177 2 137 3115
3235 123 199 2177
2719 145 197 3349
2007 25 171 3349
2308 136 41 2444
3387 121 97 2875
3349 148 41 2711
2497 44 25 3231
3115 92 66 3115
2726 68 145 2390
2515 40 175 2308
3349 41 71 2308
3128 123 69 3349
2897 154 118 2711
2177 89 23 2562
2444 53 26 2532
2210 55 22 2702
2702 197 7 2315
3275 58 93 2158
3387 117 85 2497
2318 59 123 2515
2680 121 91 3115
2177 127 69 2177
2896 113 31 2532
2526 34 23 3098
2562 127 23 2515
2308 56 90 3128
2526 102 92 2177
2526 54 106 3071
2702 135 14 2532
2719 102 121 3228
3087 0 176 2563
2562 157 25 3040
2496 92 157 3309
2740 199 179 2652
2515 192 80 3040
2702 9 71 2177
2497 87 112 2680
2652 168 168 2497
2897 188 6 2726
2315 135 81 3228
2177 150 50 2444
2444 164 99 2875
2515 45 96 2896
3387 143 165 3040
2726 6 71 2343
3275 175 34 2177
2390 130 97 2818
2343 79 24 2818
3115 194 65 2652
2680 78 103 3141
2444 41 84 2497
2308 87 143 3098
3387 132 183 2526
2818 26 15 2719
3040 75 85 3128
2496 85 33 2343
2158 149 20 2680
3349 159 104 3275
2007 111 60 3231
2815 51 182 3377
2532 28 134 2315
2158 145 152 2177
3228 180 71 2897
3275 131 108 2740
3128 20 119 2719
2711 84 139 3228
2177 126 21 2680
2719 158 33 2222
2532 107 111 2221
2496 128 81 2702
2497 16 150 2562
2563 138 145 3098
2726 15 111 3115
2210 30 42 2702
2007 132 5 3275
2818 74 134 3231
2532 10 35 2497
3309 77 60 2563
2702 59 76 2652
2496 4 83 3309
2818 54 68 2526
2702 24 32 3275
2007 92 153 2315
3115 192 96 3387
3309 15 62 2815
2496 162 63 2318
3387 129 15 2652
2815 116 54 2158
3141 87 109 2343
2818 195 155 2818
2177 63 120 2177
2702 176 52 2177
2897 27 72 2680
3309 139 0 2221
2652 126 113 2343
