BFS
200 200
2404 134 47
3000 150 132
750
3013 41 120 2211
2211 29 198 3000
2332 57 182 2316
2398 121 10 2883
2988 14 127 3369
3369 107 68 3325
3290 111 112 2255
3137 137 130 3086
2982 137 110 2552
3137 30 70 2207
2230 68 43 2310
2559 77 84 2552
3290 80 89 2255
2286 188 135 2046
2025 22 142 2547
2507 174 25 2384
2255 83 53 3000
2617 38 169 3308
2286 69 183 2310
2559 74 75 2258
3308 117 138 3029
2404 193 187 2373
3316 28 55 2539
2258 100 156 3086
2547 78 184 2310
2539 54 115 3000
2552 35 133 3013
2507 85 80 2988
3369 6 17 2211
2694 98 87 2332
2384 65 101 2920
2988 40 96 2988
2384 58 77 2552
2384 191 144 2617
2942 183 189 2211
3000 72 118 3369
2286 50 93 3096
3316 125 142 2286
2211 83 107 2373
3137 75 66 2398
3227 22 28 2404
3290 24 120 2258
2547 61 151 3237
2497 193 180 2384
2988 4 69 2465
3029 9 166 2255
2617 143 186 2046
2920 78 171 2398
2942 145 43 2687
2559 21 34 2552
3000 58 117 2207
2207 191 83 3290
2942 148 51 2547
2445 51 40 2384
2025 91 125 2547
2928 128 96 2988
2445 163 94 2552
3369 7 42 3137
2694 164 115 2373
2988 167 16 3137
3137 101 126 2687
2025 195 15 2547
2430 92 39 3255
3308 146 6 2258
3227 53 155 2982
2025 1 98 2507
3227 109 148 2332
2445 160 62 2025
3369 154 199 2430
3096 50 70 2694
2552 5 83 2465
3013 154 5 2445
2687 167 177 2207
3096 72 136 2430
2384 6 63 2694
2687 159 153 3290
2211 9 157 2211
2255 145 58 2559
2559 7 172 2982
2559 148 197 2617
2211 67 175 2207
2258 102 24 2404
2507 154 146 3137
2539 199 4 3000
3325 30 12 3255
3137 110 77 3137
2025 170 53 3137
2982 18 168 2373
3137 49 96 2982
3290 105 77 2694
3137 100 94 2694
2398 40 29 2883
2332 14 45 2920
3316 191 6 2559
2552 119 51 2255
2025 34 106 2230
2025 153 125 2361
2617 19 154 3227
2942 125 67 2361
2025 19 136 2539
3290 31 162 3369
2559 156 185 2694
2445 192 50 2507
2373 53 63 2384
3325 140 51 2373
2310 58 29 2601
2883 192 99 2361
2694 121 192 3290
2507 78 75 2694
3029 163 43 2430
2025 136 120 2373
3137 135 86 3369
2445 35 179 2316
2025 167 45 3316
2255 102 198 2316
2547 43 184 2559
2942 1 146 2883
2982 166 49 2617
2398 46 39 2497
2601 81 73 2982
3325 108 78 3255
2559 9 92 2255
2230 51 174 2982
2430 111 17 3029
2942 118 70 2539
3316 100 178 3369
2230 37 49 2928
3086 18 113 2617
3137 31 158 2310
2507 169 86 2404
2601 56 59 2539
2928 142 47 3255
2430 165 123 2258
2398 92 136 2258
3325 106 94 2373
2286 72 123 2258
2286 15 131 2617
3096 27 72 2601
3255 98 29 3013
2332 107 34 3096
2046 141 109 3086
2601 188 25 2601
2687 109 162 2255
2310 12 84 2928
3137 100 91 2384
2398 30 114 2883
2430 130 197 2942
2046 142 153 2694
2255 98 105 2687
3308 64 169 3290
2928 181 80 3316
3096 41 168 2617
2547 60 77 2046
2025 35 89 2430
2601 1 114 3137
2883 143 185 2373
2404 121 90 2687
3325 22 163 3316
2547 81 60 2601
2497 61 178 3308
2046 19 76 2552
2398 60 67 3316
3227 132 10 2552
3096 117 147 2920
2373 156 118 2547
2928 19 97 2687
2316 15 76 3029
2384 93 138 2920
2286 127 119 2507
3086 103 110 3325
2982 96 137 2361
3255 148 167 3290
3316 122 191 2445
2025 109 117 2547
3096 97 143 2687
2547 91 164 2445
3137 46 146 2286
2316 195 152 3096
2384 24 15 2211
2552 93 64 3096
2384 197 61 2601
2316 59 25 3000
3227 71 35 2373
3029 7 63 3137
3137 86 68 2617
2373 102 166 2883
2694 134 139 2207
3369 27 171 3325
2445 174 63 3086
2398 133 88 2942
3369 55 137 2883
2046 175 62 3325
2465 64 159 2465
2465 139 87 2687
2988 132 129 2316
3237 155 154 2332
3137 106 124 2255
2258 101 103 2497
2539 90 51 2497
2361 2 70 2332
3325 129 34 2687
2316 63 196 3096
3000 37 128 2430
2465 98 60 2497
3290 190 148 2883
3325 130 123 3237
3290 137 84 2883
3096 166 118 2286
2539 17 185 3369
2230 165 98 2617
2230 117 151 2332
2617 24 105 3029
2928 119 20 2373
3029 122 48 2694
2258 23 94 2258
2310 174 145 2332
3308 50 33 2559
2310 96 151 2258
2547 4 20 3369
2230 1 46 2552
2255 189 74 2430
3325 94 68 2982
2258 91 78 2046
3325 184 119 2601
2404 165 83 2928
3000 76 52 2883
2982 109 35 2507
2361 39 115 2982
2507 93 1 2883
2258 144 128 3237
2286 135 97 3137
2617 16 116 2384
2025 145 94 2883
3137 52 136 2430
2230 132 17 2617
3029 9 185 3255
2025 191 152 3227
2547 44 123 2255
2617 40 71 3086
2255 65 187 2430
3255 111 180 3137
2361 181 169 2694
2230 119 143 2046
2230 13 11 3237
2497 110 35 2286
3029 177 151 3086
3290 20 92 3227
2286 85 126 2361
2310 44 149 2046
2552 16 170 2384
2211 51 136 2207
2255 103 4 3013
3290 138 1 2230
2430 154 19 2687
2255 71 167 2928
2883 147 23 2559
2310 40 122 2694
3086 5 74 2883
2982 115 153 3290
2373 67 183 2258
2384 169 2 3013
3237 67 90 2211
2497 88 98 3096
3137 71 189 3137
2230 180 145 3316
2928 17 150 2942
2942 84 62 2373
3325 156 177 3227
2552 34 67 2465
2883 32 107 3325
2539 79 146 2310
2920 160 73 2920
2465 81 3 3237
3290 181 41 3316
3325 194 50 2694
2430 141 133 2211
3137 193 152 2465
2928 19 70 2286
3096 83 199 2025
3325 109 198 2507
3227 96 128 3029
2404 145 186 3029
2559 148 189 2539
2497 128 19 2547
2942 138 35 2332
3000 29 108 2552
2332 193 138 2547
3290 132 102 2398
2497 98 122 3137
2694 103 178 2982
2552 35 168 2211
2361 123 184 2361
2988 28 5 2398
2988 143 70 2373
2507 154 158 3255
2920 144 183 2539
3000 107 4 2547
2025 130 160 3086
2988 30 60 2497
2617 15 100 3237
2687 135 26 2398
2942 91 186 2430
2552 177 11 2559
3255 82 80 2928
2361 121 60 3369
2694 45 83 3237
3137 94 51 2025
3255 181 66 3316
2258 81 69 3308
3308 51 169 2552
2539 30 163 2286
2310 6 174 2928
2687 137 181 3013
2332 63 13 3237
2332 166 159 2988
3096 73 73 2316
2601 27 46 2552
3086 145 0 2361
3029 90 117 2025
3369 60 113 2398
3255 126 48 2942
2255 46 198 3137
3308 161 47 2687
2255 108 118 3290
2255 167 107 2404
3237 180 91 2255
3227 47 108 2547
2988 183 110 2332
2942 17 24 2601
2928 143 188 3255
2465 31 93 2547
3137 130 105 2507
2258 61 117 2559
2398 142 99 2547
2025 3 118 2046
2361 61 86 3290
2373 88 177 2384
2255 30 40 2559
2332 169 157 3290
2332 144 14 2988
2465 178 42 2207
2286 160 95 2988
2539 179 10 3325
2988 41 99 2384
2025 83 148 2025
2928 186 197 2883
2559 142 16 2398
3096 157 146 3369
2025 78 68 2507
2687 26 175 2507
2207 138 31 2694
2988 51 63 3290
3290 18 124 3325
2920 51 105 3369
3308 23 52 2025
2255 84 187 3227
2310 168 38 2928
2255 132 173 2430
2258 153 69 2928
2547 135 157 2430
3137 36 197 2258
2310 39 21 2988
2255 198 82 2942
3237 56 156 3316
2507 134 112 2539
3237 190 187 2025
2384 57 27 3255
2286 179 112 3096
3137 59 42 2384
3096 106 58 3237
2258 43 52 2373
3013 45 93 3316
2310 92 149 2507
2465 106 102 2539
3086 7 78 2316
2310 113 38 2404
3255 170 193 2046
2445 166 100 3096
3086 37 16 3369
3013 56 62 2230
2552 174 119 2310
2316 48 119 2552
2497 59 183 2046
2507 112 177 2617
2617 3 14 3369
2332 149 36 2694
2687 28 105 3255
2694 71 120 2025
2310 78 66 2255
2430 53 185 2398
2398 80 18 2928
3290 170 100 3325
2445 75 57 2255
2258 128 54 2255
3308 65 31 2601
2430 26 11 3369
2207 18 12 3013
2258 7 179 2384
3290 195 128 2694
2211 176 126 2255
2552 134 171 2497
3290 191 92 2942
2255 100 48 2207
2883 96 29 3029
2404 193 102 3316
2552 83 148 2404
2687 85 68 2255
2361 91 42 2404
2988 104 181 3096
3137 163 120 3237
2430 72 163 2552
2694 73 23 2687
3137 57 120 2982
2258 18 39 2255
3290 55 188 2552
2694 14 187 3325
2255 192 77 2982
2258 108 122 2255
2883 89 33 2310
2465 10 46 2942
2920 139 7 3369
2552 66 191 2046
2465 49 147 2687
2373 45 93 2559
2211 28 117 2361
2539 45 199 2373
2211 139 129 2445
2286 65 59 3086
2617 25 59 2465
2920 61 199 2942
2547 65 29 3096
2465 112 141 3137
2547 106 3 3137
3316 7 124 2025
2445 94 88 2230
2928 191 191 2982
2316 165 82 2497
2286 155 197 2507
2687 161 166 3316
2255 0 1 3325
2310 32 112 2310
2928 160 21 2601
2445 40 187 3255
2332 29 124 2430
3096 55 53 2398
2230 48 2 2445
2687 108 11 3290
2046 22 16 2332
3227 154 107 2046
2559 12 9 3096
3227 93 139 3086
2547 89 46 3290
2497 199 199 2465
2316 112 43 2255
3013 31 114 3237
2255 63 10 3096
2211 43 192 3237
2430 170 113 2617
2025 52 93 2310
2507 186 166 3029
2046 191 75 2942
2211 21 118 3096
3290 2 67 2361
2928 80 27 2255
2361 154 191 2332
2559 153 199 2942
2211 186 61 2883
2025 137 64 2694
2687 58 119 2404
3369 82 84 2559
3227 145 81 2920
3237 23 99 3308
3137 94 116 2258
2465 169 81 2920
3325 8 38 2982
2988 132 69 2404
3308 168 73 2207
3013 77 181 2230
3137 9 13 3096
2988 177 142 2559
3308 34 150 3316
2445 174 36 2988
2539 101 168 2207
2694 68 13 2046
2465 8 185 2255
3325 125 161 2497
2547 75 65 3137
2982 168 34 2373
3325 68 33 2497
2207 133 157 2398
3237 147 143 2207
2920 116 82 3227
3096 176 177 3096
3000 55 175 3096
3369 55 155 2507
2373 153 84 3137
3096 157 41 3325
2404 76 141 2207
3137 20 154 2982
2465 180 34 2361
2316 112 55 2497
2601 145 40 3255
3029 196 111 2920
2559 6 42 2373
2539 196 82 2332
3000 152 176 2552
2982 160 104 3255
2384 193 15 3308
2332 186 189 2316
3255 27 131 2445
2694 64 55 2497
3325 0 111 3013
2942 69 177 3325
2465 18 82 3227
2465 70 92 2025
2547 58 157 2507
3290 49 140 3000
3369 116 123 2552
2552 101 91 2373
2982 114 171 3316
2230 167 94 2617
2025 23 85 2445
2286 191 110 2332
2559 3 32 2942
3369 60 53 3316
2687 15 4 2465
2601 155 123 2316
2982 72 163 2310
3308 94 110 2928
2539 7 110 2361
2310 181 55 2361
3000 4 10 2928
2384 165 183 2988
2547 113 41 3227
2988 188 4 2398
2361 145 74 2617
2207 64 50 2404
2617 24 49 3369
2982 78 90 2230
2316 70 185 2332
2547 184 56 2316
3013 129 78 2384
2207 174 21 2046
2258 56 134 3316
2384 141 170 2988
2920 150 172 2316
2920 188 130 2230
2552 76 59 2384
2547 18 140 3255
3308 141 145 2316
3308 150 57 2988
2230 11 113 2207
2547 60 134 2601
2988 65 145 3013
2404 192 118 2404
3369 60 0 2286
3029 5 172 2687
3137 187 84 2928
3227 126 103 3029
3308 139 144 2694
2255 67 76 2361
2258 39 161 3137
2883 70 177 3227
3237 20 142 2547
2988 191 60 2211
2025 88 40 2942
2258 147 199 3290
2559 17 108 2230
2230 105 75 2920
2928 90 0 2601
2920 169 47 2559
2258 117 109 2373
2942 3 35 2601
2982 125 162 2507
2465 184 65 3316
3096 17 184 2694
2942 193 108 2928
2207 161 166 2601
2552 45 91 2332
3227 179 30 2332
2332 70 87 2384
2928 27 157 2332
2404 97 22 2942
2547 135 85 2398
2445 137 148 2465
2920 133 5 2559
2046 162 165 2547
2465 52 86 3137
2547 185 101 2310
2211 18 35 3369
2361 94 146 3308
3308 110 150 2539
2207 0 131 2332
2255 145 116 2316
2207 127 14 2258
2255 133 159 2211
2982 103 23 3137
2552 91 100 2361
3096 93 19 2211
2398 138 137 2687
2920 44 2 2361
3290 65 27 2430
2601 22 184 2332
3316 194 171 2547
2332 60 33 2942
2207 44 149 2552
2025 55 101 2255
2617 76 23 3000
2046 96 179 3096
2286 124 60 2465
2687 72 100 3369
2988 104 6 3227
2559 33 4 3086
2384 153 197 2398
3290 112 146 3227
3227 181 64 3137
2211 88 169 2928
2982 49 90 2982
2316 40 36 2928
2559 178 147 2559
3308 89 138 2465
3227 82 92 2552
2920 0 118 3316
3316 89 18 3137
2559 156 130 3308
2687 110 101 2539
2207 121 117 2601
2920 49 183 2694
3013 63 191 3237
2982 195 30 3255
3227 20 149 2559
3325 32 182 2547
3227 30 182 2928
3013 172 4 2255
2258 2 66 2928
2601 47 147 2373
3325 56 15 2988
2465 48 10 3013
2332 66 103 3096
3013 1 107 2316
2255 104 138 3369
3227 96 53 2445
2310 12 158 2230
2988 118 14 2982
2373 166 32 2988
2920 107 102 2361
3227 120 34 3137
2025 53 157 2539
3137 48 180 2255
3137 50 27 3290
2552 170 3 2332
3137 124 3 2361
3137 58 68 2211
2025 30 126 2046
2332 185 97 2230
3325 55 191 3369
2687 20 144 2025
2988 127 170 3013
2920 93 93 3369
2942 171 98 2361
3137 160 40 3325
3086 81 80 2942
2465 14 157 2617
2465 92 130 2046
2547 153 105 2332
2497 64 71 3013
3013 15 105 3255
2942 64 157 2332
2316 100 195 3000
2465 39 148 3137
2025 141 194 2547
2398 134 40 3325
2883 23 103 3237
3096 157 184 3308
3316 64 54 2507
2497 12 130 2286
3369 98 116 3237
2694 158 159 3137
2547 29 170 3325
3137 73 39 2255
2230 107 155 3227
2942 48 197 2928
2332 33 162 2497
3096 121 34 2211
2465 132 147 2942
2398 22 56 2920
2316 64 72 2445
3137 193 138 3096
3000 116 54 2373
2982 174 5 2361
2025 2 150 3316
3013 173 94 2046
2617 124 20 3255
2255 192 30 2310
2025 188 32 3137
2988 51 82 2883
2404 179 26 3000
2920 184 139 3369
2025 85 127 2920
2883 113 160 2465
2445 22 140 2617
2920 173 120 3013
2286 190 97 2687
2547 156 98 2497
2617 27 115 3137
2920 164 81 2988
2497 137 156 2552
2373 168 168 2445
3137 119 123 2286
2255 26 74 2445
2988 43 105 2373
2310 8 48 2539
2465 102 85 2384
2988 131 123 2025
2694 102 198 3308
3086 60 149 2507
2559 139 39 3290
2286 23 21 2928
3137 187 82 3308
2398 37 188 3290
2361 76 115 2404
3325 144 83 3227
3308 93 179 3316
3255 42 22 2310
2617 56 78 2928
2601 102 121 2207
2687 170 41 2552
2404 166 185 2559
3137 21 81 3308
2316 115 64 2539
2465 42 174 3308
3316 53 32 3013
2230 171 46 2373
2617 34 107 2230
2404 165 180 3227
2384 2 135 2404
2601 114 119 2207
2928 34 37 2230
2507 10 108 3255
3000 174 125 2286
2694 144 144 2982
3325 6 198 2255
3237 46 38 3316
2046 142 22 3086
2687 72 20 2547
2687 87 187 2687
2361 98 81 2361
2046 191 161 2025
2361 191 192 2310
2694 88 63 3000
