BFS
178 148
2853 53 73
2646 9 8
750
2469 104 124 2469
3311 157 55 2657
3320 103 116 2382
2166 98 25 3320
2466 128 41 2056
2119 21 9 2462
2382 116 112 2525
2330 83 105 2119
2537 112 130 2056
2466 42 43 3354
2190 67 65 2119
2493 100 52 2753
2976 73 86 2851
2166 59 23 2119
2466 143 3 2939
2051 14 31 2525
2610 96 132 2853
2119 15 23 2026
2070 152 54 3146
3311 98 76 2696
2070 50 143 3146
2853 91 2 2026
2433 155 4 2493
2119 126 121 2133
3103 92 37 2166
2372 105 56 2525
2298 124 25 3146
2610 101 87 2380
2075 14 28 2753
2056 133 79 2462
2462 37 22 2609
3146 108 128 3004
2330 108 32 2525
2190 92 1 2056
2525 76 57 2609
2540 2 14 2853
2696 168 84 2298
2537 12 2 3006
2657 68 55 2565
2382 98 66 2537
3365 70 36 2657
3311 134 75 2466
3146 174 7 2330
2466 4 59 2540
3320 107 123 2190
2026 86 42 3320
2026 148 8 2976
2372 60 131 3311
3320 80 16 2462
3004 9 18 2976
2935 80 82 2939
2657 76 34 2157
2610 151 120 2056
2696 136 32 2753
2696 65 13 3354
2466 90 97 2070
3006 69 75 2609
2610 121 105 3103
2298 152 122 2609
2143 159 96 3311
3103 174 111 2939
2609 123 23 2382
2051 123 109 2119
2075 142 16 2646
3311 44 1 3103
2466 26 98 2075
3004 24 138 3328
3006 124 104 2143
2493 103 53 2646
2610 10 81 2380
2753 26 38 2753
2469 78 138 2466
2976 20 105 2026
2851 12 83 2610
2609 46 17 3146
2610 87 51 2070
2143 52 66 2646
2657 80 31 3004
2157 28 63 2646
2935 68 12 2133
2657 78 55 2540
2469 116 90 2646
2525 127 43 2976
2935 15 4 2372
2070 40 102 2493
3388 42 17 2657
2190 44 130 3004
2540 43 18 2935
3103 27 6 2056
2609 116 50 2851
2657 92 137 2056
2166 54 54 3103
2668 124 17 2525
2668 34 98 2157
2372 74 124 2070
2540 117 145 2610
2372 57 74 2609
3388 54 89 2026
2075 80 98 3103
2609 146 10 2935
2051 15 133 3328
2540 93 138 2190
2657 94 59 2753
2935 15 20 2696
2330 149 99 3311
3365 64 56 2056
2657 90 85 3320
2537 53 82 3006
2433 45 114 2372
3365 0 71 2051
2026 10 52 2382
2298 103 124 2753
2851 13 14 3006
2853 91 0 3311
2462 137 120 2537
2525 83 126 2056
2298 52 139 2646
2610 9 41 2298
2070 58 111 3311
2657 132 50 3311
2493 146 70 2190
2330 144 43 3365
2537 89 70 2075
2051 38 89 2609
3311 1 41 2609
2433 142 75 3365
2525 177 43 2646
3365 49 114 2469
2382 16 35 2372
2298 84 77 2298
2657 145 58 3146
2462 115 116 2133
2372 126 80 2493
3311 96 91 2190
2493 63 142 3311
2070 99 5 3328
3004 127 146 3006
2939 1 22 2372
3311 106 133 2056
3388 143 133 2537
3146 165 82 2298
3320 9 30 3311
2382 58 40 2382
2609 158 16 2298
2166 46 129 2166
2493 47 25 2382
2976 15 2 2382
2976 175 83 2166
2668 49 59 2610
2372 141 58 3146
2119 67 69 2433
2157 122 5 2026
2540 159 54 2380
2939 58 124 2851
2540 134 85 2133
2462 163 105 3004
2433 34 124 2851
2853 55 86 2540
2537 132 54 2493
2075 173 71 2851
2540 157 126 2133
2190 17 90 2056
2330 163 57 2466
2372 0 116 2976
3328 56 19 2609
3388 121 30 2466
2610 163 12 2157
2657 23 22 2372
2469 102 1 2026
3328 149 39 2469
2646 147 29 3311
2380 173 48 3354
2939 85 66 2851
2075 167 78 3006
2462 87 65 2433
2382 137 127 2525
2935 8 81 3320
3006 95 112 2493
2143 156 44 3328
2382 103 11 2610
2565 118 124 2133
2609 167 143 3354
2330 105 73 2026
3146 59 129 2537
2493 55 5 2853
3311 138 21 2565
2330 10 49 2298
2668 13 87 2657
2851 137 114 2157
2382 149 77 2609
3311 13 59 2696
3103 29 33 3103
3103 119 115 3006
2668 79 35 3103
2935 147 97 2939
2056 169 79 2753
3103 58 31 2157
3103 22 111 2433
3311 165 2 2540
2380 172 8 2469
3146 64 63 2646
2976 118 134 2976
2157 23 46 2609
2646 69 141 2190
2298 11 123 2853
2119 119 40 2668
2493 25 61 2646
3103 25 113 3006
3354 66 112 3311
2051 75 100 3146
3311 165 40 2853
2466 36 87 3311
3103 135 18 2466
2853 5 28 2133
2668 141 128 2330
2119 84 10 2380
2469 126 132 3354
2537 34 99 2935
2133 146 139 3311
3328 39 133 2753
2133 46 18 2939
3320 75 13 2753
2466 86 38 2133
2382 124 61 2935
2935 44 68 2696
2190 104 65 2668
3103 172 41 2119
2056 93 1 3388
2935 62 112 2939
2668 73 19 3146
2935 78 39 2540
3388 175 0 3354
2609 151 80 3004
2190 156 84 2609
2070 104 109 2166
2462 147 20 2380
2537 94 33 2462
2469 108 0 2157
2330 44 114 2157
3311 60 123 3388
2466 37 95 2646
2298 38 35 2646
2466 84 40 2026
2668 46 5 2609
3311 81 40 2537
3103 117 110 2143
3328 128 69 2657
2976 64 37 3365
2525 15 15 2610
2935 129 82 3328
2609 70 118 2469
2157 99 113 3103
3146 62 121 2657
2070 1 64 2753
2051 116 80 2469
3388 96 100 2051
2382 90 10 2976
2851 105 32 3388
2380 35 81 3103
2935 67 91 2433
2540 160 144 2853
2853 74 17 2939
2753 12 99 2433
2668 139 143 2298
2469 30 87 2609
3320 72 117 2851
2976 163 1 2372
3365 97 5 2070
3388 105 13 2610
2298 41 143 2609
2075 166 0 3004
3311 3 145 2190
2382 80 60 2119
2609 94 135 3103
3388 122 0 2540
2298 136 53 3311
3365 3 10 2525
3146 99 69 3146
2646 177 96 3311
2380 90 91 2026
2939 81 86 3388
2075 63 132 2372
2462 159 3 2466
2565 120 86 2075
2133 41 47 2657
2565 73 123 2851
3328 175 23 2696
2466 105 0 3006
3365 82 107 2525
2462 101 114 2469
3388 141 23 3328
2051 105 45 2537
2493 152 129 2143
2493 71 142 3311
3354 170 90 3103
2380 123 76 3103
3320 95 83 2051
3006 76 29 2525
2646 20 91 2668
2056 119 144 2190
2433 129 73 2976
2610 96 90 2540
2493 22 63 2525
2668 167 137 2433
2382 57 28 2157
3311 150 136 3311
2382 69 67 2298
2372 172 71 2143
2070 30 120 2330
2143 126 90 3365
2462 46 135 2696
2075 109 38 3146
2668 156 49 2609
2976 78 140 2935
2298 167 49 3320
2119 30 109 2668
3311 27 36 2935
3365 43 96 3103
2119 19 24 2382
3320 68 74 2190
3103 22 142 2157
2143 126 72 2469
2939 112 102 3388
2298 10 123 2380
2525 140 42 2119
2330 52 5 2133
2070 127 32 2433
2380 87 5 3103
3146 70 121 2668
2119 101 6 2382
3004 43 86 3354
2143 79 43 2469
2540 96 126 3103
3354 2 117 2493
2609 67 85 2433
2298 161 139 3103
2382 147 103 2537
2119 76 46 2056
3354 10 115 3006
2119 2 69 2372
2935 39 19 3388
2646 22 40 2609
2466 37 109 3320
2939 63 20 2166
2380 97 28 2466
2525 99 72 2537
2143 6 107 3328
2935 13 9 2143
2976 13 102 2540
3354 44 114 2298
3103 75 6 2668
2157 99 41 3146
2380 35 74 3006
2853 153 88 3103
2190 54 40 2298
2462 9 141 2493
2056 66 55 3006
2119 8 106 3365
2469 138 124 2540
2070 161 63 2380
2657 62 105 2939
3320 177 15 2119
2493 138 127 2298
2657 47 30 2753
2668 91 56 2657
2382 141 55 2525
3146 114 107 2565
2298 96 124 2469
2565 117 18 2051
2166 98 91 2330
2026 167 42 2075
3006 99 20 2133
2190 92 64 2939
3103 52 43 2462
2330 12 126 2056
2051 174 85 2851
2298 145 40 2469
2382 166 125 3311
2609 165 28 2668
2330 67 14 2753
2657 126 135 2525
2537 135 38 2298
2380 138 15 2166
2298 176 5 3320
2935 55 74 2668
2525 132 146 2469
2853 149 4 2070
3388 101 92 3006
2466 15 122 3328
2976 145 141 3146
2466 77 58 2609
2853 135 96 3388
3146 106 21 3328
2051 175 56 3354
2469 22 80 3103
3354 168 21 2610
2753 111 68 2493
3311 152 1 3328
2433 111 85 3311
2157 61 141 2646
2540 160 63 2540
2565 30 56 2026
2133 94 53 2298
2190 31 117 2190
3388 89 79 2433
2190 148 117 2157
3320 134 135 3388
2133 162 90 3103
3320 88 11 2026
2056 101 120 3311
2070 158 127 2525
2133 4 108 2565
2565 51 144 3320
2853 60 54 2056
2298 83 21 3004
3004 173 117 2657
3004 90 13 2537
2525 165 35 2609
2380 94 143 3354
3354 51 115 3311
3004 165 2 3320
2525 20 130 2657
2609 27 87 2976
2935 42 36 2298
3328 169 122 2298
2298 58 87 3004
2976 72 62 2075
2298 170 11 3320
2133 142 115 2433
2166 66 123 3103
2753 50 74 2119
2939 42 70 3103
2298 149 113 2851
3004 138 89 2051
3311 55 57 2753
2026 120 110 2056
2853 169 133 2469
2382 100 26 2493
2646 117 144 2143
2525 117 54 2466
2469 2 121 2565
2051 8 78 2935
2668 164 61 2380
2133 177 45 2157
2372 143 80 2610
2051 136 13 2462
2157 145 73 2051
2070 155 91 2026
2298 15 91 2190
2133 45 36 3103
2330 13 101 2610
2469 97 43 2646
3388 27 143 3004
2462 73 111 2372
2610 156 66 2157
2565 75 83 3311
2143 14 61 2433
3311 15 24 2696
2466 54 25 2026
3146 121 72 3311
2372 128 81 2143
2462 28 144 2026
2469 129 29 3354
2646 63 144 2190
2190 103 133 2939
2935 65 62 3388
3311 118 93 3146
3354 66 63 3146
2466 54 68 3354
2119 9 137 2298
3354 81 34 2935
2380 140 81 2119
2939 167 64 2166
2119 160 52 2540
2056 92 116 2466
3004 10 13 2070
2610 109 60 2382
2157 53 76 2462
3103 135 68 3354
2070 104 66 2051
2166 88 53 2753
3006 65 110 2469
2070 24 77 2298
2851 160 60 3006
2935 110 6 2462
2696 39 114 2466
2565 106 85 2493
2075 158 28 3311
2051 96 140 2540
3354 118 61 3004
2133 2 96 2433
2939 60 2 2026
2753 56 82 3103
2976 62 138 2525
2939 84 140 3365
2298 46 22 2976
3365 100 39 2537
2609 145 132 2433
2166 107 100 3388
2646 85 142 2610
3328 26 128 2026
3365 88 25 2051
2298 108 118 2372
2610 134 8 2565
2565 129 108 3311
2537 139 70 2433
3320 47 90 2540
2070 149 107 2939
2565 54 62 2696
2133 68 83 2753
2469 119 103 3103
3320 112 116 3311
3354 23 107 2537
2565 58 51 3004
2133 5 57 2119
2051 13 50 2657
2853 177 15 3006
2462 158 94 2330
2298 155 63 2540
2939 24 63 3354
2330 114 133 2696
2190 165 44 2190
3311 38 81 3320
3004 43 146 2166
3004 163 49 2372
3388 112 131 2469
3320 151 133 2565
2976 56 66 2469
2851 151 86 2056
2190 44 26 2469
3006 100 46 2382
2646 62 28 2540
2330 50 16 2157
2609 1 145 2133
2976 67 137 2433
2190 125 136 2119
3328 29 110 3103
2469 56 63 2119
2372 34 40 2610
2298 36 63 2753
2056 37 17 2935
3006 63 67 2166
2537 150 34 2469
2469 73 118 3320
2540 0 118 2056
2753 94 32 3320
2609 68 123 2753
3103 110 101 2696
2646 101 2 3146
3146 104 42 3146
3004 13 129 2133
3311 15 35 2935
2493 4 67 3328
2382 158 96 2525
2493 62 73 2466
2668 78 96 2070
3320 15 86 3365
2330 70 135 2119
3146 120 73 2565
2939 129 60 2056
2976 30 0 2646
2298 33 99 2433
2646 94 33 2462
2056 1 2 2565
2525 154 74 2540
3103 123 136 2330
2610 139 73 2075
2753 33 17 2609
2190 142 132 2976
2298 158 142 3146
2565 107 97 2525
2382 44 82 3388
2190 44 42 3004
3311 43 118 2493
2298 10 4 2382
2565 154 28 3146
2610 161 68 2610
2657 129 96 3311
2853 62 118 2657
2565 120 17 2051
2380 57 48 2469
2525 78 5 2380
2166 144 72 2657
3365 24 100 2851
2380 94 112 2609
2657 75 96 3311
2469 171 93 3388
2298 116 64 3103
2493 147 55 2119
2075 82 135 3103
2070 87 2 2382
2372 45 47 3006
2939 174 94 2976
2935 100 16 2525
2462 172 138 2026
2609 3 1 2609
2298 56 97 2939
2537 158 112 2851
2372 44 108 2433
3365 107 22 2433
2051 128 102 2298
2372 25 88 2298
2157 91 122 2493
2668 38 2 2851
2696 66 65 2330
2056 49 118 3311
2075 87 112 2493
2433 159 133 2433
3103 104 8 2537
2119 82 54 3365
2696 49 7 2565
2939 61 112 3388
2939 107 100 2976
2166 76 27 2976
2939 66 124 3006
2382 42 15 2298
2190 140 62 2190
2070 127 42 2565
3311 123 92 3006
2070 45 86 3006
3320 145 83 2753
2382 8 66 2330
3004 144 15 2525
2462 168 68 2935
2853 51 11 2853
2075 31 36 3311
3311 143 46 2976
2646 174 4 2070
2166 31 133 2469
2609 6 92 2469
2298 170 8 3311
2935 17 86 2143
2939 140 84 2382
2133 96 136 2851
2610 171 113 2851
2462 151 130 3311
2157 46 78 3365
2976 53 147 3006
2433 158 9 2372
2466 50 58 3320
2540 53 102 2696
2372 86 63 2668
3004 136 63 2330
2466 161 23 2493
2540 156 65 2026
2026 50 97 3320
3354 54 30 3320
2382 46 131 2493
3311 55 12 2610
3328 142 83 3311
3328 96 5 2466
2540 57 133 2433
2157 135 59 2646
2469 51 108 2372
2525 170 141 2298
2143 137 24 3388
2051 154 75 3365
2070 3 52 2330
2540 17 47 2753
3004 26 53 2851
2330 18 70 2075
2657 144 43 2330
2157 13 128 3311
2380 139 90 2026
3328 48 26 2070
2537 40 69 2382
2026 53 23 2157
2051 160 123 3354
2565 148 25 2525
2525 97 89 3103
2166 34 13 2610
2119 169 83 2540
3388 121 102 2668
2382 8 88 2525
2380 79 43 2433
2133 136 122 2380
2298 48 137 2935
2380 114 129 2056
3320 28 112 2696
2133 108 144 2851
2190 59 14 2853
2056 168 130 3320
2298 55 92 2939
2330 168 69 2075
3365 110 95 3103
2565 111 90 2298
3146 62 35 2657
2565 87 87 2157
2853 151 111 3365
2853 120 144 2565
2119 5 132 2056
2525 130 111 2056
3354 143 71 2853
2610 68 88 2166
2610 7 48 3006
3328 100 1 2298
3004 33 4 2380
3328 103 133 2976
2433 151 106 2462
2657 134 104 3365
2190 100 133 2462
3388 138 130 2525
2657 55 114 2657
3103 1 66 2537
2133 3 92 3328
2382 33 82 2537
2056 32 12 3006
2657 126 58 2433
3328 98 93 2298
2696 54 101 2935
2462 175 33 2646
2330 46 71 2657
3365 162 93 2462
3320 62 101 2166
2668 6 76 2462
2853 145 116 3103
3311 30 60 2565
3328 56 38 3006
2190 118 64 2696
2433 21 89 3365
3103 101 73 2939
2133 81 92 3320
2565 12 66 2143
2157 22 122 2537
2070 115 50 3103
2493 11 10 2433
2753 115 4 2166
3311 88 91 2469
2298 23 118 2935
2143 22 45 2190
2469 50 102 2133
3365 93 121 2469
3004 168 142 2565
2298 91 22 2382
2330 88 126 2657
2462 4 56 2668
2851 58 102 3365
2851 87 110 3354
2298 14 48 2646
3006 162 16 2610
2298 13 93 3311
2026 164 96 3354
2565 34 34 2853
2540 157 1 2851
2166 29 86 3388
3311 150 61 2051
3354 60 35 2646
2119 117 52 2051
2190 175 35 3311
2433 125 103 3388
