BFS
300 300
791911763 29 138
1874586771 165 4
2000
2118303005 132 91 1452976966
144916411 291 21 1013379990
1028415489 100 293 564524603
1990283398 153 268 1999252839
1763972145 188 240 1421460224
1900923622 237 135 1721065648
1865991433 213 233 1295242886
773569884 232 1 237674002
1758401730 114 180 480038664
2099226825 31 218 2021048840
100777353 132 111 718279445
1948688500 142 249 1823242980
29340781 10 297 1090254430
1431521360 135 31 2125998401
503203034 78 224 1627088346
1421460224 296 50 1680155956
217528511 47 262 644456874
943584634 65 60 1374729726
2021048840 7 32 679583714
1853897458 63 167 1125913883
1065813628 209 212 767178506
1550360948 98 270 459157560
200772072 69 240 1889529632
1374729726 89 157 217528511
1670592604 239 263 1266336586
724480085 127 1 1266336586
1196914570 73 283 2035326497
1579948064 19 279 335487941
1981680285 241 127 1579948064
860827001 186 223 1150609277
2035326497 225 21 1810092547
480038664 59 30 1706813449
2021652066 266 145 469396164
404374506 34 61 514359628
200772072 252 187 498003911
1242744778 172 98 144916411
1013379990 114 281 471764879
799013924 272 85 1589644624
521176379 289 158 191779736
2076056052 214 185 1739279948
1335619456 208 123 346395614
1874586771 185 288 1416416869
1150609277 12 258 521176379
255856349 240 146 1416416869
564524603 227 267 2041042806
1405098555 191 40 539068321
144916411 81 125 1856289475
767178506 136 197 564524603
1659601500 249 86 139968937
1907897392 273 126 1722076754
139968937 17 103 2026861995
1097651961 66 249 1090254430
1856289475 139 268 1722076754
1856289475 198 112 309041202
1585220028 108 189 335487941
1295242886 92 282 882794682
822790890 266 128 1389857621
217528511 102 87 237674002
968653941 99 237 1822334357
1233962886 251 198 1065813628
551349284 61 234 1389857621
232482724 55 189 872524346
784256235 83 199 1925384339
920243732 132 257 1021541604
791911763 122 220 1598380638
71268678 132 47 1579948064
777553008 33 33 146443062
400548723 53 143 955210873
1110870370 111 49 1706813449
2084058438 154 273 943420682
1316089182 37 120 786638870
29340781 108 180 1706813449
1763972145 72 122 1789692985
1898488932 244 94 1242744778
702434129 210 190 1670592604
920243732 270 202 1466429860
690660919 162 61 2021652066
217528511 254 158 94933314
771426139 148 294 1945394717
1452976966 38 109 1907897392
1961724260 236 270 1521001951
1553931086 274 121 1439755387
718279445 26 199 1882052418
724480085 180 78 841417687
934248479 298 269 1473948736
506695665 141 240 262529662
324946832 156 129 1945394717
2086267187 67 66 2099226825
690660919 152 217 133161083
776974734 300 279 1598380638
551349284 78 80 1680155956
1823242980 188 273 776974734
521357927 252 289 390985092
1925384339 5 212 1752996904
1013379990 93 81 1748122123
1763972145 49 8 1266336586
702434129 239 33 702434129
1794560025 148 292 194755172
653722560 122 133 91462557
116928988 111 281 237674002
98720865 67 152 472927174
1721065648 146 43 1748122123
472927174 112 289 798635149
1670592604 234 252 653722560
1439755387 244 55 1889529632
1739279948 93 258 2064765610
98720865 183 44 1680155956
1722076754 160 290 1233962886
1865991433 6 221 1157332337
1662393975 285 226 124599843
1196914570 42 149 792467845
942543400 75 110 733211776
66513827 269 183 604885129
667121755 277 262 1534194965
1986679940 135 142 1534194965
881901623 180 228 2137170328
1110870370 186 126 391179402
1012179357 15 172 733211776
1722076754 127 150 733211776
791911763 80 142 1630875216
91462557 91 25 255856349
101969379 222 175 1366640436
407957355 183 169 1752996904
1990283398 175 12 135777102
124599843 151 195 1401246435
712589048 175 213 22649617
1171438907 7 57 718279445
514359628 82 183 2017578542
1856289475 55 297 1786243427
942543400 128 284 741378160
1401246435 103 237 690660919
144916411 20 234 1300717070
1608971736 169 45 1614104020
346395614 239 196 237674002
943420682 238 51 741378160
955210873 250 222 1758059324
407957355 192 199 1945621823
2086267187 87 272 2117973164
1907897392 283 11 521176379
1374729726 280 89 972715432
955210873 70 191 1021541604
1553931086 29 206 841417687
1125913883 141 51 459157560
733211776 169 270 471764879
1553931086 161 157 702360459
66513827 30 114 1900923622
734029911 168 198 503203034
809205085 295 135 250103992
1553931086 55 237 1266336586
1810092547 64 264 124599843
478085181 298 87 1789692985
142686936 84 177 1794560025
135777102 159 106 831055221
22649617 88 22 1999252839
217528511 70 253 1220947637
1073197675 299 23 1125913883
605738392 150 210 1674587014
1900923622 65 163 1763972145
773569884 160 297 605738392
2020727076 52 11 693043978
876103536 295 273 66513827
777553008 3 95 309041202
920964755 153 46 1758820739
713448732 73 207 346395614
1125913883 166 43 29340781
972715432 12 278 791911763
2099226825 266 47 402934261
1882052418 30 54 1905315299
1605813245 170 280 946100345
767178506 89 112 66513827
946100345 123 53 799013924
1898488932 37 110 1157332337
22649617 13 69 91462557
1807049833 107 287 1073197675
66513827 169 147 792467845
733211776 3 126 346395614
1627088346 135 117 103137587
133161083 182 183 1220947637
1889529632 259 256 1822334357
146443062 59 37 400548723
1674587014 150 212 791911763
2021048840 77 120 920243732
1721065648 31 16 2112936175
200772072 116 295 71268678
653722560 53 0 469396164
1900923622 199 114 119935332
1160736541 115 144 1466429860
142686936 194 55 618057215
100777353 64 177 142686936
1758820739 240 51 2118303005
521357927 88 113 521176379
1427896009 280 164 1630875216
851360937 73 24 1945394717
1287701447 183 201 920964755
2021652066 253 12 1431521360
1266336586 242 103 644456874
1763972145 150 211 402934261
2041042806 92 197 594183169
809205085 136 288 194755172
1770146056 23 34 942543400
106516131 104 157 1507163761
943420682 88 292 335487941
335487941 101 164 1853897458
1065813628 146 228 135777102
472927174 50 283 878642121
1721065648 87 293 1452976966
775276842 188 223 1335619456
503203034 133 206 1466429860
1807049833 92 93 1945621823
1874586771 35 14 696495721
860827001 105 97 702434129
100777353 81 50 1125913883
2099226825 138 71 480038664
2046246625 18 149 968653941
2020727076 259 32 266146548
767178506 122 230 2086267187
1716670454 47 147 1630875216
421287242 249 130 2021048840
934248479 221 87 106516131
875323971 136 158 1028415489
200772072 14 293 404374506
1427896009 207 275 1171438907
1706813449 281 58 1389857621
1945394717 70 152 1948688500
741378160 32 215 476719860
1233962886 139 33 1125541784
594183169 170 75 1374729726
1822334357 30 88 465077045
733211776 203 270 1981680285
1627088346 144 234 1233962886
875323971 202 241 809205085
1073197675 120 117 696495721
1452976966 269 189 133161083
1644443669 214 61 1680155956
98720865 81 153 968653941
119935332 153 6 1013379990
1531826928 279 222 369455235
119935332 38 141 1196914570
791911763 32 263 1748122123
1097844527 227 274 1427896009
666902502 150 196 1579948064
831055221 238 160 369455235
1217404783 87 187 146443062
767178506 296 203 2041042806
469396164 216 86 346395614
135777102 297 137 712589048
2094487746 95 183 98720865
1948688500 143 280 146443062
1220947637 97 151 1405098555
1823242980 42 272 503203034
2076678062 77 238 831055221
718279445 73 37 667121755
1706813449 18 263 521357927
250103992 106 117 773569884
898660675 20 126 687958488
266146548 112 169 874676900
1120111858 66 45 452476535
1094631277 38 95 1605813245
1335619456 197 201 142686936
2064765610 86 225 942543400
1261190669 164 68 237674002
1553931086 72 158 514359628
1316089182 277 52 100777353
741378160 49 218 324946832
1452976966 123 201 390985092
1739279948 168 223 126462787
139968937 216 69 866532088
1021541604 134 117 1961724260
1401246435 9 273 733211776
144916411 142 155 718279445
942885665 137 82 851360937
1865991433 288 69 1786243427
784256235 53 16 864999901
1157332337 288 55 194755172
605738392 110 264 1220947637
1442181547 0 42 171827660
1853897458 65 183 1266336586
506695665 67 244 713448732
638936992 99 54 1961724260
62083642 122 186 2094487746
773569884 139 21 2112936175
1659601500 245 149 1473948736
277632706 39 3 693043978
1630875216 281 115 1907897392
809205085 137 131 1722076754
465077045 101 264 1853897458
653722560 5 53 1366640436
1452976966 53 193 133161083
1405098555 212 237 1065813628
741378160 282 101 1853897458
1364234930 258 11 1097844527
1125541784 143 176 693043978
866532088 292 297 503203034
653722560 131 148 624100726
194755172 132 277 564524603
471764879 77 281 1853897458
1389857621 81 49 2127125069
1721065648 189 265 733211776
1507163761 179 94 724480085
2020727076 23 205 1589644624
1364234930 231 71 934695881
119935332 156 166 934248479
2035326497 225 215 144916411
702360459 189 96 103137587
1770146056 110 57 734029911
1644443669 98 172 1446990680
696495721 104 93 91462557
1521001951 94 121 1262516429
942885665 28 158 133161083
1150609277 50 15 1405098555
822790890 72 280 1680155956
696495721 246 238 1630875216
1202253045 243 216 1614104020
1961724260 64 83 955210873
234881379 50 37 471764879
594183169 180 150 1507163761
94933314 6 151 1853897458
2099226825 298 129 1786243427
882794682 284 277 944280567
1300717070 133 248 2099226825
1316089182 180 297 773569884
771426139 256 182 1898488932
1807049833 219 276 1786243427
702360459 283 14 1874586771
1028415489 141 143 469396164
2035326497 231 260 1295242886
1705029428 78 126 1786243427
1794560025 6 246 1598380638
968653941 224 27 670656351
521357927 123 19 1242744778
594183169 53 14 1125913883
1097651961 99 7 124599843
459157560 106 67 362864022
1999252839 241 111 91462557
878642121 207 68 1012179357
1900923622 141 259 1295242886
557262436 287 204 1284573861
1550360948 71 179 784256235
776974734 9 244 1770146056
1579948064 3 155 696495721
1196914570 228 109 1722076754
503203034 231 9 576907296
863004233 40 205 1173256494
1405098555 68 279 521176379
29340781 164 71 146443062
702360459 4 81 841417687
1550360948 41 204 100777353
822790890 69 126 792467845
864999901 249 67 693043978
1865991433 114 182 1173256494
1853897458 243 107 1364234930
791911763 61 109 1521001951
1758401730 146 18 476719860
1421460224 26 216 1907897392
1521001951 110 126 482545001
1466429860 134 25 1770146056
881901623 189 83 2076678062
482545001 101 58 1391080105
1389857621 166 20 1125541784
667121755 269 248 920243732
878642121 27 218 98720865
624100726 127 91 712589048
881901623 185 189 514359628
232269020 84 141 724480085
864999901 155 265 1452976966
1013379990 252 61 920243732
146443062 4 156 514359628
1220947637 215 181 693043978
232482724 5 6 498003911
934248479 71 187 1421460224
872545044 105 122 1999252839
503203034 10 234 465077045
972715432 164 128 1097844527
1171438907 202 291 2112936175
124599843 158 266 262529662
920243732 286 235 1421460224
624100726 71 184 1674587014
1598380638 58 45 872545044
1217404783 203 21 1608971736
702360459 300 291 1374729726
1295242886 138 38 1405098555
1459011754 105 65 1945621823
1473948736 235 112 1585220028
503203034 86 192 724480085
702434129 62 250 1748122123
1961724260 173 87 1640802367
1473948736 73 9 71268678
942543400 125 217 1823242980
1065813628 13 11 2125998401
1202253045 248 83 777553008
1889529632 139 102 955210873
876103536 231 112 696495721
1739279948 20 248 702360459
1401246435 213 217 1706813449
2036000863 10 231 1097844527
934695881 54 151 942543400
1614104020 210 178 690660919
480038664 145 71 1439755387
101969379 48 126 1770146056
594183169 56 243 1608971736
1366640436 228 70 1427896009
514359628 295 102 1473948736
1335619456 182 283 2112936175
831055221 43 45 792467845
1366640436 125 140 1220584790
216942439 69 4 2137170328
391179402 97 66 1439755387
133161083 149 166 29340781
234881379 79 194 146443062
1763972145 87 36 831055221
1446990680 267 149 541955382
330843891 142 190 237674002
133161083 80 98 232269020
1012179357 246 9 689806158
943584634 134 256 116928988
1853897458 137 273 22649617
1748122123 27 40 472927174
775276842 256 163 1171438907
2127125069 0 9 605738392
1589644624 179 92 126462787
1739279948 53 69 2064765610
784256235 131 114 237674002
421287242 297 119 103137587
1374729726 101 158 863004233
1865991433 187 32 1716670454
478085181 268 72 1316089182
1752996904 12 90 666902502
863004233 57 284 1157332337
1150609277 33 39 920243732
687958488 60 190 482545001
133161083 300 100 2125998401
2099226825 13 24 576907296
471764879 229 151 696495721
2026861995 64 200 1210659292
1120111858 268 137 1287701447
539068321 53 96 1013379990
1150609277 71 173 878642121
250103992 0 249 2117973164
1521001951 15 38 1065813628
324946832 163 101 942543400
1757150479 99 164 841417687
1822334357 19 71 872524346
1366640436 209 57 638936992
469396164 272 81 1442181547
2020727076 192 223 1758059324
362864022 289 85 1644443669
1473948736 146 168 172740759
934695881 221 104 1986679940
503203034 20 155 713448732
875323971 153 174 435091037
1961724260 161 191 2076678062
1925384339 272 175 2064765610
404374506 138 120 1716670454
875323971 244 115 1585220028
1627088346 30 26 2017578542
1521001951 287 297 98720865
35059263 81 32 557262436
1770146056 72 124 1758820739
1763972145 84 173 324946832
390985092 199 194 684586517
875323971 72 222 874676900
618057215 163 196 1748122123
1632256518 77 198 94933314
872524346 178 118 872524346
521176379 5 280 1831881267
693043978 189 112 1758401730
934248479 160 0 1431521360
1598380638 148 278 1521001951
696495721 232 87 851360937
2017578542 213 192 1605813245
1945394717 300 17 309041202
346395614 19 121 232269020
541955382 178 285 934248479
1807049833 80 198 1770146056
734029911 104 166 860827001
822790890 236 16 2021652066
1531826928 278 299 346395614
2112936175 133 187 934248479
822790890 284 177 262529662
503203034 120 160 1990283398
521176379 73 278 1705029428
91462557 282 0 1758820739
882794682 290 270 864999901
1389857621 31 267 1716670454
194755172 263 162 767178506
2127125069 257 298 866532088
1550360948 232 64 604885129
1452976966 215 102 594183169
1473712829 192 123 2094487746
478085181 289 152 1614104020
882794682 125 122 2076678062
1284573861 156 73 2021048840
1431521360 64 216 972715432
237674002 184 92 1262516429
22649617 224 248 521357927
792467845 36 163 864999901
1111020131 168 284 1065813628
1743840026 185 294 191779736
881901623 5 211 1630875216
2127125069 236 39 146443062
1659601500 189 117 667121755
2020727076 41 234 1442181547
1473712829 297 50 1598380638
1094631277 160 111 404374506
1770146056 200 245 1364234930
452476535 136 249 1739279948
335487941 253 171 1160736541
471764879 286 205 1585220028
1459011754 271 186 472927174
718279445 41 174 1233962886
1810092547 77 207 972715432
872545044 206 229 480038664
1589644624 4 47 2041042806
882794682 102 153 776974734
2036000863 41 295 232482724
564524603 102 214 687958488
841417687 298 252 2117973164
1262516429 151 160 1743840026
452476535 296 10 942885665
217528511 197 54 503203034
255856349 284 154 875323971
1945621823 57 63 390985092
1295242886 37 49 618057215
2117973164 187 2 1721065648
1945621823 204 252 346395614
1416416869 269 41 1507163761
1065813628 256 123 521176379
1459011754 290 188 667121755
1579948064 63 131 1110870370
1823242980 134 75 2125998401
1473948736 292 262 786638870
866532088 284 182 1986679940
124599843 148 1 521176379
346395614 219 281 390985092
1405098555 86 7 882794682
1865991433 258 217 194755172
171827660 7 201 1125913883
777553008 64 189 822790890
1759935331 231 80 1874586771
1758820739 9 105 1579948064
942885665 65 181 1442181547
1807049833 113 299 882794682
391179402 120 98 1439755387
1466429860 250 299 1759935331
126462787 160 89 421287242
194755172 181 123 881901623
1416416869 132 51 459157560
564524603 211 292 506695665
1405098555 38 1 858482294
1421460224 14 46 194755172
1763972145 182 162 1706813449
1961724260 42 23 521176379
1907897392 142 166 619823839
106516131 155 163 696495721
2076678062 36 192 684586517
255856349 165 54 604885129
1065813628 10 149 1157332337
2084058438 3 96 841417687
851360937 284 121 1405098555
1900923622 174 124 679583714
605738392 283 31 2017578542
476719860 249 144 400548723
1999252839 267 278 139968937
472927174 68 227 942543400
1670592604 299 30 362864022
809205085 236 279 1219980195
1874586771 155 3 1431521360
262529662 84 51 2046246625
1389857621 89 233 2064765610
62083642 165 224 875323971
2137170328 55 67 863004233
1160736541 275 230 1466429860
1748122123 197 244 875323971
734029911 197 258 875323971
2094487746 83 242 898660675
2020727076 121 259 822790890
644456874 37 150 712589048
521176379 144 0 1173256494
1961724260 130 51 1110870370
1391080105 55 138 2020727076
734029911 50 185 667121755
1466429860 22 153 472927174
1111020131 269 247 1898488932
1013379990 61 23 1171438907
144916411 119 244 1391080105
2046246625 134 18 346395614
1874586771 182 163 237674002
1442181547 64 46 1401246435
872545044 233 77 1925384339
232269020 109 233 1295242886
1758820739 82 21 860827001
1770146056 66 269 638936992
741378160 194 204 1990283398
1758820739 249 114 822790890
874676900 186 79 194755172
101969379 45 164 1961724260
1662393975 139 2 144916411
1111020131 3 23 1589644624
2041042806 171 187 22649617
1316089182 261 102 1366640436
775276842 269 101 718279445
200772072 268 261 1990283398
1640802367 53 166 866532088
741378160 129 271 693043978
521357927 1 245 1110870370
1752996904 11 290 670656351
1889529632 258 133 876103536
1160736541 102 223 666902502
1721065648 256 59 362864022
1822334357 264 234 194755172
946100345 141 93 1999252839
539068321 214 31 564524603
1705029428 31 168 1763972145
2021048840 123 263 696495721
863004233 8 119 1644443669
1614104020 278 0 667121755
2046246625 290 7 724480085
1670592604 257 85 1120111858
798635149 121 123 266146548
799013924 202 295 1466429860
1810092547 119 78 872545044
881901623 246 175 1202253045
702360459 205 236 1981680285
942885665 290 186 66513827
1374729726 263 147 29340781
1721065648 156 189 1705029428
777553008 204 247 2064765610
66513827 34 3 200772072
1139865803 227 266 1421460224
472927174 202 184 362864022
172740759 149 73 822790890
872545044 57 135 94933314
1097844527 32 133 876103536
1157332337 18 148 860827001
690660919 239 231 618057215
35059263 155 124 1366640436
2036000863 188 133 1882052418
1986679940 204 252 1627088346
504441508 232 116 863004233
2017578542 186 27 831055221
1550360948 122 22 1632256518
465077045 89 259 619823839
872545044 54 102 1990283398
171827660 9 127 874676900
1439755387 53 6 1670592604
864999901 89 150 1948688500
421287242 203 196 872545044
1981680285 209 171 1752996904
262529662 129 184 1721065648
1220584790 279 257 35059263
1907897392 141 196 872545044
476719860 156 51 1065813628
1874586771 186 220 1111020131
702360459 212 218 1822334357
1579948064 72 110 1770146056
237674002 169 177 1262516429
1674587014 269 48 407957355
1986679940 38 48 362864022
402934261 276 145 713448732
262529662 17 243 942885665
864999901 171 207 972715432
2076056052 241 223 1120111858
872524346 10 148 767178506
1898488932 94 10 644456874
1210659292 267 135 469396164
798635149 147 107 1882052418
1120111858 230 17 1473712829
135777102 38 76 1865991433
521176379 183 127 1905315299
878642121 295 122 1012179357
366442434 78 22 1781890550
576907296 89 245 799013924
644456874 157 90 217528511
98720865 37 25 1770146056
822790890 10 37 2020727076
798635149 69 122 1210659292
142686936 29 173 142686936
320854353 21 50 1416416869
605738392 138 13 435091037
330843891 153 31 1822334357
858482294 274 192 666902502
1743840026 166 215 1120111858
1644443669 72 178 1759935331
1220947637 15 160 1579948064
1120111858 71 109 798635149
943584634 156 141 29340781
1507163761 105 262 1173256494
144916411 155 170 1553931086
266146548 131 19 786638870
1097651961 267 48 1439755387
482545001 73 280 2112936175
712589048 62 195 1427896009
690660919 98 95 791911763
29340781 210 211 482545001
126462787 145 177 670656351
1981680285 239 174 670656351
232482724 94 55 29340781
1605813245 151 249 1706813449
687958488 10 100 2020727076
1364234930 87 51 1789692985
934695881 300 254 421287242
1013379990 264 57 851360937
471764879 37 18 1261190669
250103992 269 26 1674587014
482545001 144 35 71268678
142686936 235 250 471764879
942885665 259 266 1157332337
1999252839 140 9 324946832
1202253045 133 206 1065813628
713448732 49 227 841417687
822790890 245 208 718279445
91462557 165 73 1990283398
946100345 240 86 687958488
689806158 90 198 101969379
1823242980 154 194 1125541784
1405098555 228 247 638936992
920243732 140 73 1627088346
1507163761 8 159 1739279948
564524603 123 298 266146548
551349284 18 291 320854353
1266336586 61 7 1945394717
1900923622 139 114 29340781
878642121 247 226 946100345
482545001 7 210 1473712829
2099226825 260 196 135777102
1287701447 165 81 277632706
920964755 74 11 1391080105
2112936175 99 58 1758401730
171827660 261 294 35059263
1748122123 231 72 1219980195
1759935331 242 51 1706813449
860827001 37 23 767178506
1743840026 94 20 733211776
1900923622 85 178 2099226825
702434129 258 189 1822334357
1446990680 127 1 1233962886
1473712829 56 172 702360459
968653941 279 166 1598380638
702434129 52 50 539068321
1757150479 200 94 1090254430
1981680285 59 170 232482724
1822334357 238 74 1220947637
734029911 143 113 775276842
2046246625 238 121 1473948736
1427896009 78 141 146443062
784256235 300 105 872524346
1242744778 261 293 2026861995
946100345 67 130 346395614
407957355 247 7 690660919
1196914570 46 164 1452976966
1680155956 207 41 666902502
1421460224 265 273 1716670454
237674002 168 292 1900923622
863004233 44 118 101969379
1670592604 212 248 1196914570
1990283398 275 13 576907296
809205085 256 99 1233962886
1945621823 21 52 1366640436
876103536 0 292 1405098555
1442181547 285 30 91462557
142686936 21 20 841417687
1534194965 196 49 718279445
1073197675 115 202 1640802367
1550360948 169 33 1807049833
1763972145 111 132 822790890
1097844527 60 28 684586517
277632706 139 2 1743840026
2017578542 149 233 724480085
771426139 8 293 324946832
103137587 20 148 872545044
1948688500 60 195 94933314
881901623 70 190 2036000863
1466429860 5 235 653722560
1073197675 7 181 217528511
369455235 204 174 1196914570
1111020131 210 1 106516131
724480085 250 68 262529662
866532088 14 44 106516131
831055221 100 205 1585220028
1470675188 124 216 1125541784
1990283398 277 244 1389857621
1065813628 34 203 369455235
200772072 158 104 1705029428
1945621823 270 61 786638870
605738392 38 8 1823242980
2084058438 102 141 1794560025
234881379 104 91 521357927
2118303005 254 217 1220584790
480038664 41 79 1889529632
2021652066 19 221 452476535
1716670454 149 130 1160736541
146443062 94 147 690660919
472927174 258 1 255856349
391179402 50 97 135777102
864999901 160 163 1173256494
1644443669 290 82 1579948064
1405098555 44 53 696495721
100777353 157 74 498003911
1094631277 298 232 1439755387
968653941 209 112 1794560025
786638870 273 146 124599843
864999901 269 266 1757150479
1459011754 121 279 2125998401
644456874 192 137 644456874
866532088 43 129 822790890
514359628 172 107 881901623
831055221 24 42 968653941
142686936 96 126 217528511
541955382 122 277 2036000863
1233962886 257 193 1705029428
1853897458 43 141 1125913883
1120111858 275 256 459157560
366442434 118 19 407957355
831055221 239 84 1473948736
1405098555 55 225 1662393975
146443062 163 250 1065813628
1110870370 192 73 1706813449
482545001 232 195 320854353
1097844527 71 193 1758059324
1219980195 194 98 693043978
1550360948 150 234 1233962886
255856349 230 249 1220584790
1125541784 24 234 713448732
1217404783 268 223 1173256494
1021541604 165 18 1120111858
2099226825 89 174 101969379
775276842 90 130 690660919
1630875216 276 96 1391080105
1316089182 4 80 144916411
1473712829 143 122 1219980195
946100345 119 34 1416416869
1945621823 247 113 881901623
471764879 113 43 2086267187
1945394717 223 278 1521001951
71268678 71 171 1856289475
191779736 262 126 421287242
1028415489 291 217 943420682
881901623 227 99 216942439
942543400 165 91 1196914570
1786243427 204 162 1202253045
1401246435 78 89 1473712829
1416416869 125 260 232269020
1925384339 139 157 1589644624
1220584790 220 278 1948688500
1335619456 22 208 858482294
1986679940 246 212 1316089182
1674587014 256 283 1300717070
712589048 214 69 1125541784
1757150479 152 106 605738392
521357927 212 204 1374729726
1284573861 253 268 1534194965
690660919 209 263 1150609277
943420682 67 34 22649617
144916411 115 293 362864022
171827660 103 296 1389857621
624100726 253 122 1287701447
1210659292 6 79 946100345
1763972145 108 101 1065813628
666902502 63 117 1823242980
66513827 77 150 841417687
498003911 238 268 476719860
822790890 131 224 1614104020
1401246435 235 195 1261190669
1752996904 77 83 1300717070
172740759 298 196 594183169
1090254430 274 52 594183169
1794560025 143 109 1758059324
1521001951 84 61 126462787
644456874 0 98 1786243427
172740759 188 280 172740759
480038664 264 16 1770146056
2076056052 99 153 1459011754
1012179357 199 261 1945621823
98720865 71 213 798635149
459157560 135 39 309041202
1202253045 17 249 786638870
878642121 251 126 1160736541
1550360948 27 77 693043978
478085181 291 130 653722560
1202253045 238 145 1097844527
1295242886 25 179 1853897458
116928988 10 276 1907897392
1160736541 271 246 881901623
934695881 79 225 62083642
1220947637 213 120 391179402
1644443669 226 24 266146548
946100345 120 229 139968937
1640802367 257 202 1632256518
666902502 293 150 624100726
194755172 139 76 1220584790
1659601500 281 80 539068321
792467845 146 268 934248479
1853897458 286 51 1534194965
1789692985 228 158 1781890550
2086267187 98 256 860827001
1171438907 124 215 119935332
1907897392 285 255 666902502
1097844527 198 35 944280567
943420682 256 111 1907897392
1531826928 267 256 942543400
882794682 212 80 369455235
478085181 192 142 1012179357
1865991433 219 143 1287701447
330843891 280 102 262529662
1706813449 270 276 1284573861
98720865 296 64 1452976966
841417687 50 156 1065813628
62083642 86 257 29340781
860827001 176 287 1073197675
144916411 260 226 1316089182
1589644624 151 197 2064765610
1316089182 78 91 712589048
1110870370 185 87 604885129
670656351 65 292 1865991433
459157560 121 282 1220584790
472927174 94 209 1739279948
94933314 9 236 1242744778
1111020131 69 98 1125541784
366442434 107 141 421287242
972715432 12 200 2021652066
619823839 9 4 1630875216
1748122123 222 85 172740759
784256235 168 12 690660919
1706813449 148 63 791911763
421287242 227 132 1316089182
860827001 47 97 237674002
851360937 171 214 1220947637
29340781 191 67 1757150479
1999252839 57 45 1021541604
1598380638 233 295 1090254430
400548723 177 100 1173256494
1640802367 110 246 1217404783
521176379 253 244 1012179357
1220384686 123 200 1416416869
100777353 185 234 605738392
1986679940 35 127 2076678062
476719860 166 248 653722560
666902502 253 258 792467845
955210873 227 279 1439755387
1421460224 6 264 1374729726
733211776 246 273 881901623
955210873 265 83 1759935331
1300717070 99 240 1627088346
91462557 120 128 29340781
1028415489 238 127 1585220028
1905315299 234 226 741378160
1874586771 250 235 459157560
619823839 249 275 1874586771
194755172 107 31 618057215
2112936175 206 12 1905315299
1295242886 99 219 1284573861
139968937 115 95 330843891
541955382 142 148 564524603
1716670454 47 269 1284573861
1097844527 222 42 1961724260
934695881 103 37 733211776
472927174 137 284 1217404783
91462557 262 159 262529662
2125998401 76 73 1986679940
1431521360 7 219 1220584790
690660919 297 161 1758401730
2041042806 7 28 792467845
690660919 297 186 1585220028
1111020131 66 220 191779736
1473948736 239 169 1763972145
103137587 93 279 968653941
1789692985 191 295 106516131
541955382 2 167 1680155956
139968937 225 74 478085181
920964755 75 15 1823242980
1705029428 282 151 1990283398
693043978 259 27 29340781
666902502 156 63 1421460224
478085181 65 169 1831881267
172740759 292 24 968653941
1261190669 148 210 1459011754
2021048840 37 131 1391080105
851360937 183 207 684586517
465077045 47 247 309041202
435091037 61 218 1752996904
1614104020 246 5 1300717070
521357927 219 100 1662393975
943584634 126 8 1446990680
670656351 251 161 200772072
346395614 252 168 366442434
1823242980 24 36 605738392
1585220028 123 27 232269020
667121755 70 50 71268678
262529662 10 207 1202253045
2036000863 67 247 1284573861
775276842 285 300 1442181547
1427896009 89 122 1459011754
684586517 162 64 872545044
1452976966 49 176 320854353
2117973164 142 160 1097651961
1614104020 65 236 1160736541
618057215 150 133 1981680285
934695881 176 159 2117973164
1882052418 185 221 1822334357
514359628 217 133 734029911
1758059324 245 22 1217404783
689806158 221 50 1882052418
1986679940 283 38 250103992
504441508 215 90 421287242
1907897392 20 113 831055221
250103992 285 237 619823839
1770146056 2 5 1439755387
734029911 31 90 135777102
1627088346 155 239 1680155956
232269020 206 6 1789692985
1999252839 236 107 232269020
741378160 98 24 2112936175
191779736 180 54 1882052418
1534194965 93 146 557262436
1466429860 110 186 934695881
878642121 118 279 1630875216
551349284 105 162 1012179357
1550360948 47 137 955210873
2117973164 148 137 863004233
1521001951 252 158 1781890550
255856349 130 18 135777102
435091037 285 176 786638870
1110870370 182 4 1065813628
934248479 135 250 1614104020
471764879 147 5 200772072
1217404783 141 250 876103536
1090254430 30 186 1097844527
943584634 218 59 1534194965
404374506 195 165 1763972145
469396164 299 177 521357927
1421460224 298 164 119935332
882794682 91 274 702434129
471764879 4 149 1823242980
172740759 65 95 2127125069
942543400 287 154 1882052418
66513827 80 75 539068321
1640802367 100 202 2035326497
690660919 76 272 1287701447
390985092 137 239 644456874
100777353 184 280 146443062
1220947637 149 208 875323971
667121755 98 178 1999252839
872524346 210 228 776974734
1261190669 156 188 1374729726
1981680285 54 8 503203034
799013924 254 268 514359628
335487941 64 102 1705029428
194755172 294 217 1990283398
605738392 233 262 400548723
733211776 274 130 116928988
191779736 98 112 1831881267
1748122123 81 151 1466429860
390985092 94 247 1220584790
1473948736 151 300 146443062
1157332337 263 245 503203034
237674002 292 214 135777102
469396164 52 249 346395614
1853897458 112 243 874676900
1752996904 27 9 539068321
1110870370 84 33 624100726
142686936 248 196 942543400
391179402 214 297 1217404783
955210873 187 272 1905315299
741378160 252 143 369455235
66513827 272 267 1889529632
2064765610 203 131 777553008
1219980195 2 281 1157332337
116928988 107 245 2036000863
191779736 166 30 480038664
476719860 35 100 1266336586
2021652066 134 275 687958488
875323971 54 235 133161083
1389857621 96 242 1662393975
557262436 43 253 809205085
1446990680 2 182 1110870370
864999901 124 74 809205085
831055221 62 193 1614104020
809205085 25 174 798635149
696495721 183 82 1021541604
858482294 144 199 194755172
2125998401 221 218 771426139
62083642 290 209 955210873
390985092 140 281 98720865
1401246435 99 185 604885129
1171438907 151 274 784256235
1470675188 38 174 872545044
94933314 3 187 106516131
1021541604 41 241 1640802367
194755172 185 145 1013379990
775276842 72 202 920243732
898660675 185 91 1013379990
1473948736 214 64 684586517
119935332 162 260 876103536
124599843 202 175 232269020
1743840026 276 242 920964755
2026861995 19 7 144916411
402934261 55 176 478085181
1470675188 108 145 1157332337
2021652066 288 176 1659601500
718279445 190 290 955210873
786638870 82 275 1111020131
1627088346 160 36 775276842
644456874 158 23 1219980195
1758059324 166 89 1705029428
942885665 52 208 1219980195
1670592604 130 234 391179402
1261190669 162 188 2118303005
1125913883 182 252 1999252839
1579948064 123 233 1961724260
798635149 147 233 1401246435
366442434 5 137 1473712829
1763972145 209 216 955210873
2076056052 237 40 465077045
784256235 88 141 942885665
1874586771 55 291 250103992
1786243427 107 189 94933314
2112936175 291 47 35059263
1521001951 42 223 146443062
2125998401 283 111 875323971
1614104020 125 281 521176379
1722076754 255 132 1266336586
702434129 134 221 346395614
1789692985 260 197 369455235
391179402 249 181 955210873
232269020 60 114 1125913883
1721065648 119 96 713448732
619823839 93 90 1743840026
1262516429 153 170 402934261
1961724260 7 72 1220384686
1659601500 292 121 1196914570
320854353 4 17 232482724
324946832 131 246 1889529632
1416416869 129 267 1284573861
724480085 142 250 605738392
882794682 46 255 2021652066
2086267187 108 84 1763972145
934248479 108 245 718279445
684586517 211 168 1627088346
792467845 2 277 144916411
452476535 197 287 690660919
1889529632 270 270 1823242980
480038664 143 17 2064765610
1659601500 271 215 831055221
784256235 289 12 262529662
1789692985 241 219 882794682
1300717070 79 159 1945394717
702434129 129 221 1364234930
1287701447 126 115 1945621823
644456874 264 223 1670592604
946100345 114 266 1605813245
1763972145 191 114 773569884
91462557 107 191 2064765610
653722560 208 159 693043978
1748122123 95 290 335487941
822790890 7 159 851360937
98720865 206 67 1882052418
943584634 73 256 2137170328
98720865 169 29 1889529632
1659601500 177 203 476719860
920243732 102 162 653722560
1781890550 132 199 1759935331
1139865803 136 154 452476535
791911763 249 281 478085181
809205085 38 245 2021048840
126462787 94 253 2127125069
71268678 276 227 1431521360
116928988 129 206 1287701447
1739279948 123 236 1473712829
478085181 209 274 1579948064
171827660 216 149 702360459
2021048840 119 146 1202253045
1473948736 85 252 1990283398
1716670454 277 259 1233962886
791911763 177 288 712589048
1389857621 232 213 2064765610
172740759 219 245 934248479
1589644624 267 76 881901623
1961724260 143 156 1900923622
851360937 14 218 503203034
1632256518 242 266 1632256518
2137170328 147 56 1374729726
733211776 287 266 1882052418
100777353 283 84 471764879
1028415489 28 124 1900923622
521357927 98 188 98720865
2084058438 159 143 2020727076
1739279948 247 117 1748122123
452476535 125 207 1210659292
521176379 34 67 514359628
1900923622 156 16 541955382
1073197675 196 296 878642121
1630875216 258 74 421287242
1073197675 95 281 898660675
882794682 213 289 1706813449
1945394717 24 296 2021652066
404374506 223 109 1630875216
469396164 46 277 872545044
702360459 195 257 724480085
1680155956 259 260 1721065648
1743840026 87 142 1521001951
776974734 38 223 1770146056
1786243427 280 117 791911763
1614104020 1 129 366442434
400548723 83 68 482545001
1111020131 241 196 1125541784
576907296 240 274 1898488932
653722560 297 183 784256235
2035326497 43 210 2035326497
576907296 165 63 2094487746
638936992 114 37 1722076754
792467845 281 38 2112936175
1150609277 19 27 369455235
872545044 177 266 421287242
266146548 203 181 541955382
135777102 72 90 480038664
1705029428 86 204 2094487746
1439755387 166 122 1632256518
1865991433 24 211 713448732
638936992 50 47 2026861995
624100726 244 193 876103536
1614104020 69 198 1856289475
1705029428 131 167 687958488
250103992 57 273 1013379990
1627088346 154 113 100777353
1374729726 156 182 604885129
35059263 197 160 1171438907
459157560 226 21 1644443669
504441508 14 80 237674002
1856289475 228 278 1160736541
503203034 78 172 724480085
734029911 158 261 943420682
171827660 39 9 1266336586
335487941 202 4 1632256518
1739279948 118 101 1220584790
216942439 171 92 942543400
498003911 106 139 1013379990
882794682 83 81 1874586771
1125913883 21 91 773569884
1531826928 184 270 1905315299
216942439 156 225 469396164
1758820739 144 62 786638870
1794560025 60 240 465077045
62083642 115 243 1758059324
1111020131 49 151 2021652066
2076678062 271 201 775276842
1640802367 116 103 741378160
1125541784 147 86 1421460224
1125541784 185 281 1632256518
1999252839 2 228 1900923622
1853897458 174 283 1948688500
2021652066 63 3 234881379
809205085 163 233 1220384686
521357927 222 213 1716670454
1261190669 113 178 1882052418
712589048 85 16 2127125069
1531826928 290 154 2127125069
71268678 262 53 690660919
767178506 128 88 1598380638
1012179357 228 37 335487941
946100345 174 46 1090254430
1757150479 215 261 1986679940
1999252839 0 187 1807049833
775276842 286 266 1605813245
435091037 49 119 366442434
459157560 295 163 255856349
1722076754 38 110 2086267187
1110870370 71 149 1925384339
1598380638 74 248 944280567
693043978 290 138 841417687
194755172 298 170 1999252839
1900923622 239 192 503203034
1401246435 224 104 734029911
217528511 215 114 232269020
767178506 207 130 1262516429
1627088346 279 41 1316089182
1125541784 252 119 1758401730
1865991433 108 45 771426139
390985092 25 255 250103992
874676900 36 275 1889529632
1758401730 66 80 968653941
1757150479 204 219 1090254430
1110870370 140 251 1770146056
217528511 144 284 1945621823
666902502 168 119 2112936175
1810092547 99 256 809205085
459157560 258 8 482545001
920964755 141 71 1853897458
2117973164 129 91 98720865
506695665 244 62 506695665
1831881267 103 219 564524603
1073197675 112 10 1999252839
1262516429 203 271 551349284
1759935331 200 91 232482724
696495721 218 76 452476535
2127125069 245 171 2125998401
2125998401 126 189 369455235
390985092 134 95 1644443669
1220384686 71 183 666902502
191779736 109 13 1120111858
309041202 21 232 2041042806
324946832 23 279 1219980195
91462557 160 267 2076056052
693043978 160 82 2127125069
1882052418 168 38 1831881267
390985092 226 97 1284573861
1758059324 270 292 1945621823
217528511 79 33 200772072
741378160 145 81 1287701447
1220384686 146 25 1810092547
1739279948 174 179 866532088
2112936175 173 141 771426139
277632706 46 232 504441508
594183169 9 108 1722076754
2035326497 251 220 402934261
1905315299 269 118 391179402
618057215 155 8 1173256494
255856349 108 266 472927174
1295242886 128 293 1473712829
1013379990 232 175 1335619456
734029911 233 175 1094631277
1459011754 272 268 1073197675
472927174 191 119 480038664
366442434 6 11 1097651961
330843891 266 19 1900923622
693043978 237 271 266146548
330843891 28 74 1157332337
564524603 9 272 1521001951
402934261 228 39 1786243427
1021541604 266 71 2127125069
514359628 3 33 1120111858
101969379 45 148 1823242980
1401246435 150 125 100777353
934248479 255 6 1716670454
1021541604 63 81 369455235
689806158 72 53 217528511
696495721 143 186 335487941
1822334357 0 65 1446990680
776974734 99 287 1173256494
944280567 120 48 1721065648
421287242 300 152 101969379
689806158 136 129 404374506
1789692985 11 127 1261190669
1831881267 24 9 1125541784
670656351 20 254 1794560025
557262436 231 1 733211776
480038664 232 177 874676900
335487941 153 261 1770146056
309041202 70 297 934695881
2035326497 171 275 1335619456
100777353 2 71 2021652066
1157332337 60 14 1579948064
2020727076 253 60 1662393975
1794560025 121 66 200772072
452476535 23 291 172740759
1757150479 201 197 1401246435
866532088 267 217 2118303005
1598380638 209 89 1781890550
2017578542 261 168 1721065648
478085181 144 179 2041042806
1865991433 130 121 557262436
471764879 264 243 863004233
1598380638 13 245 946100345
2117973164 185 156 1389857621
1900923622 88 251 504441508
471764879 88 292 482545001
1644443669 177 70 564524603
2117973164 90 289 2020727076
1028415489 230 7 1316089182
1242744778 103 100 1094631277
644456874 299 12 1013379990
1219980195 249 46 955210873
194755172 25 191 2021652066
1470675188 92 142 144916411
1421460224 212 198 541955382
712589048 112 219 1889529632
1125913883 179 284 1739279948
482545001 57 186 1210659292
234881379 157 144 679583714
767178506 100 278 860827001
498003911 162 285 1364234930
469396164 282 58 1630875216
786638870 282 187 1300717070
1150609277 217 82 1748122123
435091037 9 0 767178506
366442434 3 156 718279445
1473948736 144 164 1097651961
1644443669 72 231 1739279948
946100345 218 90 605738392
1459011754 244 66 1553931086
667121755 82 40 1856289475
733211776 29 89 402934261
1150609277 81 6 106516131
972715432 291 116 506695665
1786243427 152 86 1763972145
1125541784 54 111 767178506
503203034 173 226 557262436
2064765610 192 2 2127125069
101969379 112 257 1473948736
1427896009 227 28 435091037
404374506 174 2 1716670454
875323971 163 237 266146548
1202253045 42 178 972715432
2064765610 78 286 1990283398
1640802367 259 9 250103992
1865991433 41 13 1534194965
2046246625 49 145 1013379990
1374729726 97 109 792467845
465077045 252 21 1287701447
882794682 167 156 1217404783
369455235 297 15 1094631277
1391080105 165 211 791911763
1865991433 295 31 2094487746
696495721 157 243 1366640436
860827001 154 221 866532088
1446990680 220 208 1706813449
1220384686 93 249 866532088
1012179357 49 86 133161083
1948688500 178 118 1659601500
653722560 24 245 934695881
1202253045 271 200 66513827
1173256494 243 287 2099226825
1758820739 56 139 1220947637
2117973164 4 81 1466429860
1999252839 264 167 217528511
250103992 178 51 266146548
594183169 292 8 767178506
407957355 10 67 1364234930
191779736 11 31 1531826928
1421460224 156 223 968653941
881901623 76 179 1366640436
250103992 169 78 1219980195
66513827 165 106 702434129
1261190669 268 141 1261190669
689806158 20 59 1898488932
1640802367 112 123 1670592604
1094631277 85 14 1907897392
1999252839 155 170 1262516429
1220384686 137 169 946100345
2026861995 213 171 1452976966
1150609277 97 280 1659601500
679583714 51 166 733211776
619823839 69 272 1874586771
1716670454 204 6 1986679940
124599843 87 19 1945394717
266146548 244 107 605738392
320854353 284 147 666902502
679583714 72 27 1614104020
1242744778 166 178 1442181547
1961724260 86 259 798635149
2137170328 56 248 690660919
1743840026 129 169 1627088346
1028415489 286 159 1874586771
1874586771 139 43 605738392
391179402 135 38 1853897458
667121755 216 184 400548723
480038664 241 84 1705029428
1261190669 269 10 346395614
866532088 178 261 521176379
472927174 145 34 237674002
94933314 52 154 1763972145
1431521360 104 19 876103536
404374506 97 17 2099226825
116928988 120 227 786638870
1945621823 283 213 2021652066
724480085 37 288 619823839
1865991433 19 126 1173256494
1743840026 32 144 1534194965
1632256518 114 249 1111020131
1073197675 140 266 172740759
943584634 58 222 972715432
1882052418 171 170 35059263
472927174 145 8 101969379
1028415489 165 17 391179402
2041042806 125 232 1220947637
250103992 288 227 875323971
1758820739 201 115 1157332337
624100726 65 235 2076056052
266146548 41 6 1374729726
200772072 77 271 232482724
777553008 174 193 139968937
1789692985 187 233 407957355
1427896009 189 248 1662393975
335487941 47 96 864999901
942885665 266 141 1853897458
1157332337 134 115 472927174
1094631277 188 172 1823242980
1242744778 45 102 2125998401
1898488932 228 145 1028415489
1442181547 64 114 605738392
831055221 199 98 1439755387
1948688500 227 138 1585220028
767178506 157 232 1220384686
712589048 5 227 1534194965
1111020131 286 63 521357927
146443062 81 249 1662393975
809205085 133 66 1090254430
1210659292 249 158 1431521360
786638870 23 234 693043978
968653941 228 151 346395614
1028415489 106 152 920964755
1446990680 75 19 1757150479
1442181547 36 259 421287242
452476535 300 263 1391080105
1473712829 41 78 1945621823
1882052418 109 280 878642121
1758059324 206 88 605738392
1171438907 126 170 576907296
1680155956 159 150 1757150479
724480085 3 183 480038664
1389857621 175 295 690660919
1220384686 79 16 1807049833
476719860 189 291 666902502
1196914570 276 50 1157332337
1125541784 174 219 696495721
841417687 242 281 330843891
172740759 33 144 1865991433
1763972145 200 249 1446990680
217528511 21 207 1758401730
920243732 49 208 773569884
172740759 31 277 1905315299
942885665 221 193 1300717070
1758401730 154 217 1605813245
1125541784 195 275 872545044
504441508 180 158 1999252839
876103536 213 248 831055221
1531826928 71 89 1579948064
1202253045 98 241 514359628
421287242 180 53 2117973164
619823839 31 37 866532088
1452976966 140 246 773569884
2117973164 294 274 1674587014
277632706 235 274 1722076754
1789692985 90 240 872545044
1640802367 128 82 191779736
786638870 6 167 784256235
330843891 215 155 1405098555
1266336586 54 60 1758059324
482545001 55 42 1097844527
106516131 235 115 946100345
1210659292 147 224 874676900
1680155956 137 78 624100726
799013924 179 152 644456874
126462787 274 140 1171438907
232269020 139 97 1173256494
1589644624 1 195 2127125069
1585220028 200 140 1810092547
366442434 287 120 103137587
1125913883 130 208 784256235
124599843 117 123 1823242980
1757150479 103 166 653722560
482545001 1 258 702360459
944280567 286 204 1986679940
309041202 44 135 1217404783
366442434 273 26 1125913883
1961724260 181 28 1759935331
1466429860 296 233 670656351
1366640436 239 253 786638870
142686936 106 188 1831881267
1120111858 97 45 1416416869
139968937 240 24 472927174
194755172 206 80 366442434
1028415489 161 62 799013924
1210659292 276 65 407957355
362864022 183 36 144916411
346395614 250 176 1986679940
216942439 157 274 1598380638
126462787 288 98 390985092
2064765610 52 251 1589644624
1335619456 267 167 1758401730
773569884 178 281 799013924
724480085 184 112 521357927
1925384339 254 54 866532088
1674587014 47 13 670656351
1466429860 157 146 2021048840
335487941 260 229 876103536
1021541604 191 239 1632256518
421287242 29 88 465077045
881901623 199 102 942885665
465077045 251 60 1021541604
216942439 241 139 1757150479
767178506 79 28 404374506
277632706 243 225 1300717070
469396164 139 117 771426139
1743840026 169 271 1416416869
679583714 115 220 2118303005
1219980195 249 106 452476535
653722560 245 11 172740759
874676900 298 48 1553931086
1674587014 197 30 1706813449
702434129 212 97 266146548
679583714 1 122 146443062
1889529632 106 141 234881379
1722076754 16 284 1173256494
1173256494 233 288 1608971736
91462557 12 240 1391080105
1752996904 129 161 1266336586
482545001 57 145 2026861995
864999901 11 212 250103992
1316089182 181 167 1473712829
1889529632 4 1 237674002
2021652066 90 184 1758401730
469396164 139 186 172740759
1614104020 284 286 1217404783
1874586771 195 152 1473712829
605738392 134 25 1905315299
822790890 295 89 71268678
1865991433 138 130 702434129
741378160 5 269 402934261
2099226825 266 178 1097651961
200772072 139 44 1605813245
1210659292 29 184 1907897392
1431521360 46 211 2084058438
1758820739 208 161 881901623
1905315299 199 274 968653941
1531826928 192 248 713448732
1705029428 92 79 1945621823
1171438907 19 264 478085181
309041202 189 212 679583714
773569884 224 235 1900923622
250103992 48 94 724480085
624100726 219 99 1856289475
1743840026 119 241 604885129
421287242 182 273 1644443669
942543400 293 280 1295242886
898660675 144 149 1948688500
733211776 179 42 1810092547
1391080105 277 139 696495721
459157560 88 220 1961724260
135777102 7 231 653722560
1073197675 297 212 881901623
712589048 82 292 1521001951
1632256518 272 153 1335619456
1110870370 64 242 94933314
1150609277 136 210 882794682
775276842 160 78 564524603
920964755 167 146 831055221
920964755 240 300 702360459
1822334357 32 53 452476535
1853897458 227 68 1021541604
2020727076 296 95 618057215
1823242980 145 31 1120111858
934248479 43 157 476719860
1196914570 38 168 255856349
1439755387 189 280 776974734
1748122123 287 102 1945621823
1534194965 78 184 480038664
1614104020 119 53 1945621823
124599843 187 109 1763972145
1446990680 151 267 702434129
1748122123 75 122 1217404783
1439755387 142 69 1521001951
1316089182 195 118 1507163761
71268678 188 278 2117973164
791911763 25 89 1786243427
644456874 60 165 1233962886
330843891 79 159 2021048840
1470675188 127 39 1295242886
876103536 198 63 878642121
792467845 27 97 2036000863
944280567 47 48 1473948736
200772072 189 280 172740759
1446990680 141 57 324946832
638936992 247 81 262529662
934248479 177 174 1789692985
1627088346 244 95 1823242980
1945621823 239 296 1674587014
465077045 277 114 324946832
1856289475 119 202 1589644624
866532088 242 125 1882052418
478085181 270 221 1794560025
262529662 250 71 943420682
1865991433 140 94 1961724260
1630875216 39 109 103137587
1630875216 199 169 1284573861
1670592604 28 222 101969379
1531826928 11 188 968653941
1111020131 102 192 638936992
1097844527 291 60 1990283398
521357927 92 206 407957355
684586517 185 96 1094631277
864999901 246 195 687958488
670656351 131 212 2017578542
402934261 176 202 1416416869
320854353 225 86 335487941
1632256518 109 203 237674002
1196914570 290 24 390985092
1759935331 86 157 881901623
541955382 84 236 1521001951
1466429860 112 108 690660919
1405098555 279 300 217528511
465077045 258 38 498003911
1789692985 234 186 667121755
1614104020 179 254 126462787
644456874 272 48 1748122123
2076678062 35 283 124599843
1427896009 29 59 1758059324
1470675188 232 55 619823839
103137587 36 263 1242744778
670656351 11 4 724480085
866532088 10 32 1585220028
1110870370 45 41 2076678062
2036000863 182 53 687958488
875323971 251 51 1721065648
858482294 157 64 619823839
1442181547 199 230 1986679940
1534194965 164 25 718279445
1680155956 82 92 216942439
1266336586 295 54 1266336586
693043978 11 169 1242744778
1882052418 244 294 809205085
605738392 258 2 1662393975
619823839 115 250 858482294
594183169 267 247 1794560025
1659601500 206 189 277632706
255856349 175 9 1550360948
103137587 21 47 100777353
713448732 81 64 1389857621
390985092 162 225 920243732
1579948064 26 218 1021541604
1722076754 102 133 942885665
1316089182 142 137 1948688500
144916411 41 298 1763972145
103137587 170 128 506695665
1171438907 130 63 1758401730
767178506 179 259 1220584790
390985092 153 158 878642121
266146548 130 280 1220384686
684586517 46 62 1094631277
1743840026 288 92 934248479
309041202 139 44 194755172
498003911 211 6 330843891
1632256518 100 129 1405098555
2076056052 60 159 1097651961
1763972145 145 115 1716670454
1335619456 197 282 1171438907
1758401730 92 297 920243732
504441508 292 7 1865991433
551349284 109 51 2026861995
881901623 226 236 1427896009
1157332337 75 126 1090254430
712589048 235 217 1585220028
1013379990 36 295 1401246435
619823839 138 139 1391080105
35059263 148 33 1202253045
514359628 242 263 1925384339
799013924 136 300 875323971
139968937 153 235 1261190669
968653941 124 297 618057215
1758059324 223 264 1758401730
841417687 159 137 330843891
1898488932 257 276 1507163761
690660919 3 5 1021541604
1763972145 100 233 1210659292
472927174 35 248 250103992
955210873 92 89 841417687
786638870 257 241 1882052418
875323971 135 262 1210659292
1831881267 174 186 713448732
687958488 30 274 1470675188
1473948736 113 5 791911763
2026861995 78 49 841417687
702434129 219 209 2112936175
876103536 18 6 644456874
194755172 76 266 232269020
459157560 108 38 773569884
1553931086 252 56 689806158
1125913883 164 154 863004233
943584634 126 197 831055221
943584634 204 151 1822334357
1608971736 40 169 521357927
1125541784 57 279 1999252839
653722560 199 33 841417687
1120111858 191 112 786638870
103137587 111 10 1579948064
1589644624 272 80 126462787
1705029428 27 2 784256235
35059263 159 231 1739279948
1446990680 253 169 882794682
1905315299 42 232 116928988
1217404783 171 190 2076678062
2041042806 191 277 689806158
777553008 184 201 435091037
144916411 233 22 1630875216
1907897392 1 149 1284573861
400548723 51 204 1789692985
944280567 115 29 1160736541
2117973164 53 135 362864022
472927174 156 72 2020727076
1630875216 134 200 435091037
2099226825 105 197 91462557
1295242886 169 67 142686936
1670592604 1 79 191779736
106516131 131 156 946100345
943420682 199 47 521357927
1160736541 145 117 942885665
809205085 275 164 943420682
1097651961 56 276 1721065648
471764879 70 117 1786243427
1150609277 270 172 864999901
103137587 248 3 1391080105
1786243427 93 255 1752996904
482545001 0 140 687958488
942543400 256 88 1758401730
1550360948 90 25 2137170328
1374729726 32 122 1632256518
2112936175 159 202 693043978
1097844527 107 39 1217404783
670656351 117 275 1632256518
1889529632 133 56 1786243427
702360459 243 159 1210659292
1716670454 55 140 255856349
1073197675 230 91 1945394717
1220584790 45 173 1125541784
1585220028 22 47 266146548
1421460224 248 72 2117973164
934248479 45 83 1097651961
1065813628 20 263 435091037
822790890 198 146 1874586771
1139865803 14 244 798635149
690660919 256 88 172740759
874676900 259 152 1202253045
775276842 90 272 1986679940
1012179357 181 244 1945621823
1210659292 133 42 1674587014
2046246625 2 117 1759935331
684586517 235 234 724480085
1507163761 118 137 2127125069
1874586771 266 190 277632706
1028415489 100 91 171827660
1150609277 186 226 2076056052
864999901 234 244 2076056052
200772072 49 114 1427896009
875323971 141 35 1763972145
702360459 73 63 2137170328
690660919 103 134 1865991433
1882052418 186 25 1401246435
232482724 279 47 94933314
1722076754 138 63 1662393975
1261190669 44 271 1242744778
690660919 194 1 1521001951
2046246625 155 273 866532088
638936992 275 90 200772072
1300717070 40 51 942543400
943584634 59 51 330843891
262529662 162 251 1220947637
693043978 127 89 1242744778
687958488 47 47 1125913883
1945394717 92 134 1853897458
1295242886 141 184 1171438907
2084058438 88 99 2046246625
687958488 26 19 35059263
791911763 69 126 124599843
2118303005 43 245 1427896009
2127125069 244 39 1981680285
1202253045 77 58 320854353
2125998401 49 143 1090254430
1705029428 173 79 191779736
943584634 184 195 2125998401
1534194965 94 230 541955382
262529662 261 183 1716670454
404374506 58 194 773569884
476719860 106 18 878642121
679583714 224 193 2041042806
1111020131 184 202 1242744778
1763972145 183 282 1831881267
402934261 217 74 1233962886
551349284 261 283 503203034
1012179357 181 126 776974734
1446990680 212 162 934248479
1770146056 269 134 2118303005
920964755 55 41 1534194965
1831881267 254 279 539068321
1097651961 245 158 1405098555
1073197675 93 240 135777102
864999901 27 169 2017578542
101969379 231 98 605738392
551349284 6 241 66513827
1553931086 262 99 1242744778
346395614 108 162 1466429860
1758059324 2 190 741378160
200772072 3 141 2021652066
106516131 239 299 1090254430
604885129 178 126 391179402
2112936175 79 242 576907296
1882052418 92 183 1295242886
1416416869 245 291 2127125069
670656351 299 93 690660919
541955382 244 63 1364234930
1171438907 124 161 369455235
1242744778 238 81 604885129
146443062 259 77 1364234930
1605813245 224 113 1752996904
1446990680 229 42 1171438907
194755172 66 182 1822334357
619823839 32 94 390985092
1021541604 37 36 1219980195
1452976966 43 250 1598380638
1300717070 11 179 1882052418
776974734 164 118 1589644624
2046246625 18 32 1470675188
1284573861 249 146 400548723
2125998401 148 170 1882052418
98720865 79 280 22649617
1990283398 120 277 798635149
1721065648 226 169 972715432
1335619456 143 105 733211776
972715432 139 122 498003911
594183169 210 259 564524603
1759935331 300 191 1160736541
1210659292 210 130 1012179357
1856289475 248 106 103137587
124599843 137 13 1295242886
1466429860 151 27 687958488
702434129 131 122 541955382
1507163761 57 253 2094487746
557262436 192 241 2035326497
1427896009 262 11 1961724260
1531826928 187 61 638936992
712589048 258 244 266146548
1028415489 77 208 1266336586
1012179357 100 65 1097651961
2035326497 125 58 234881379
1473948736 42 232 1905315299
551349284 70 162 1401246435
1452976966 31 0 1470675188
1202253045 231 24 144916411
1416416869 193 92 1900923622
1853897458 112 9 968653941
1986679940 190 69 876103536
1644443669 243 176 1882052418
784256235 108 199 1758401730
1110870370 79 109 390985092
1758059324 258 106 881901623
35059263 16 268 943584634
1196914570 152 146 557262436
124599843 18 97 391179402
1632256518 17 205 2017578542
1831881267 178 294 670656351
262529662 52 87 866532088
822790890 187 98 1721065648
1823242980 178 214 498003911
191779736 67 64 1202253045
1986679940 196 263 1220384686
452476535 92 27 1986679940
876103536 68 120 799013924
266146548 125 50 1284573861
194755172 257 211 1242744778
618057215 297 0 724480085
776974734 241 158 1822334357
1739279948 115 141 1521001951
1781890550 148 196 366442434
1125541784 291 192 1598380638
2076056052 260 286 712589048
506695665 81 87 116928988
362864022 206 122 822790890
459157560 270 17 1261190669
1948688500 185 215 390985092
194755172 19 1 784256235
1534194965 0 10 101969379
1900923622 39 216 1284573861
1758059324 174 294 1874586771
773569884 158 224 1662393975
1171438907 218 90 1427896009
1439755387 171 283 2118303005
29340781 133 152 216942439
920964755 59 252 1925384339
400548723 42 293 858482294
1810092547 87 153 689806158
1743840026 268 186 786638870
1874586771 219 79 1900923622
878642121 126 48 1608971736
1889529632 239 7 237674002
2041042806 57 84 1644443669
1300717070 186 147 1439755387
1196914570 33 64 1401246435
1739279948 288 274 1999252839
232482724 91 272 858482294
330843891 227 155 1090254430
1743840026 162 189 920243732
860827001 210 139 1391080105
1416416869 103 10 116928988
1220584790 10 137 217528511
863004233 35 291 944280567
1233962886 189 213 943420682
866532088 163 241 498003911
1900923622 239 255 1012179357
103137587 145 155 872545044
1865991433 298 129 776974734
266146548 4 286 2017578542
1073197675 13 185 702434129
2064765610 25 63 1242744778
1670592604 192 88 693043978
506695665 61 237 684586517
786638870 90 127 171827660
798635149 18 299 362864022
771426139 117 51 541955382
1853897458 185 219 539068321
1150609277 94 57 1125541784
171827660 214 83 786638870
435091037 58 81 2127125069
