UCS
178 148
2598 141 60
3184 3 3
30
2217 49 77 2217
2119 177 98 2893
2546 175 97 2217
2216 87 86 2806
2764 159 49 3063
3360 102 125 2598
3087 105 41 2728
2317 6 43 2317
2157 176 123 3051
3360 70 34 3188
2423 35 33 2598
2790 131 118 2483
2660 146 109 3298
2016 165 8 2016
3360 4 103 2668
2088 169 112 3025
3175 102 16 3360
2201 24 40 2483
3298 146 47 2088
2533 90 17 3399
2598 10 24 3399
3843 100 23 2598
2217 22 12 3843
2219 21 124 2546
2423 80 49 3360
2217 95 66 3360
2217 33 44 2157
2157 69 39 3184
3184 22 110 3175
3175 66 90 2157
2157 88 140 2790


