BFS
1 1
4995 0 0
4095 0 0
205
2261 0 0 3805
2872 0 0 4513
5086 0 0 3676
4197 0 0 2577
4579 0 0 2493
3825 0 0 4711
4899 0 0 4047
5115 0 0 3551
4811 0 0 3825
3932 0 0 4373
4306 0 0 2720
2101 0 0 2493
3653 0 0 4965
3670 0 0 4446
2920 0 0 4891
3093 0 0 2990
3932 0 0 3755
5224 0 0 2861
2999 0 0 5123
5280 0 0 3010
4197 0 0 3858
2541 0 0 5115
3309 0 0 2169
4866 0 0 3418
5100 0 0 5413
3093 0 0 3676
3557 0 0 4865
2493 0 0 3838
3932 0 0 3885
3234 0 0 4606
5100 0 0 2920
5357 0 0 4845
4995 0 0 4937
4548 0 0 4306
5115 0 0 3653
2298 0 0 5362
3532 0 0 4118
4075 0 0 4891
3218 0 0 4167
4870 0 0 4891
5118 0 0 4108
2861 0 0 4197
3604 0 0 4108
2493 0 0 4306
3257 0 0 3728
3653 0 0 4306
2760 0 0 5315
5224 0 0 3535
2261 0 0 2298
4384 0 0 4811
3557 0 0 5034
3978 0 0 5299
3838 0 0 5219
5299 0 0 3596
3596 0 0 4958
3046 0 0 2629
2760 0 0 4513
3093 0 0 2169
3142 0 0 2472
2733 0 0 4899
2198 0 0 4909
2780 0 0 3903
2323 0 0 2626
3093 0 0 2298
4419 0 0 4095
4118 0 0 4995
4823 0 0 4448
3169 0 0 5348
3838 0 0 5236
4866 0 0 2941
5365 0 0 3670
4446 0 0 4419
4899 0 0 2468
4075 0 0 2720
5392 0 0 3932
4465 0 0 4794
5280 0 0 3169
4223 0 0 4958
3611 0 0 4327
4823 0 0 3623
4448 0 0 3885
4891 0 0 2999
4108 0 0 5034
3523 0 0 4384
2806 0 0 3046
2472 0 0 2999
4991 0 0 2261
2307 0 0 2606
2331 0 0 4668
3418 0 0 2214
3069 0 0 2550
5392 0 0 3010
5315 0 0 2629
3532 0 0 2252
3309 0 0 3646
3119 0 0 4220
4668 0 0 5059
5115 0 0 4711
3863 0 0 4981
2323 0 0 3557
4545 0 0 3391
5371 0 0 2806
4965 0 0 3084
3544 0 0 4167
5179 0 0 3309
4118 0 0 4823
4794 0 0 4711
3992 0 0 3604
5280 0 0 2323
4535 0 0 4090
3770 0 0 4124
3805 0 0 4108
5118 0 0 4167
3596 0 0 2472
3597 0 0 3435
4995 0 0 3277
2331 0 0 3169
3167 0 0 2472
4995 0 0 5118
4687 0 0 2252
5348 0 0 3093
2472 0 0 2550
2920 0 0 3659
4636 0 0 3557
2550 0 0 5362
2630 0 0 3557
3435 0 0 2129
4714 0 0 4465
2629 0 0 2564
5382 0 0 3932
5041 0 0 3606
2658 0 0 5315
4373 0 0 2999
3653 0 0 4992
2318 0 0 4197
3257 0 0 5299
2564 0 0 4992
2630 0 0 2323
3165 0 0 4801
2169 0 0 4197
3868 0 0 4197
2999 0 0 4995
4823 0 0 5123
2399 0 0 2198
5413 0 0 5034
3142 0 0 5365
2760 0 0 4075
3309 0 0 4223
5097 0 0 3435
5392 0 0 2990
2414 0 0 5357
3544 0 0 4991
4739 0 0 3825
5118 0 0 3728
3169 0 0 2307
5086 0 0 2861
3069 0 0 2468
3868 0 0 4448
5041 0 0 4124
2261 0 0 5038
3217 0 0 4220
3349 0 0 3838
4545 0 0 2399
4606 0 0 2261
3119 0 0 3885
3877 0 0 4909
2760 0 0 4021
3119 0 0 5392
2129 0 0 4774
5038 0 0 4636
3069 0 0 4535
3992 0 0 5312
2541 0 0 4687
4992 0 0 3544
2733 0 0 2806
3858 0 0 3623
4306 0 0 2468
3646 0 0 5097
4647 0 0 5100
3885 0 0 4047
3868 0 0 2433
3606 0 0 4865
3623 0 0 2550
4513 0 0 4537
2519 0 0 5041
4465 0 0 5100
2550 0 0 4866
4537 0 0 3218
4668 0 0 3863
4870 0 0 4264
2169 0 0 5097
2101 0 0 2564
3646 0 0 4801
4838 0 0 4937
3932 0 0 4537
4606 0 0 2999
4865 0 0 4548
3978 0 0 3165
3532 0 0 3142
3932 0 0 5312
3770 0 0 3596
4108 0 0 4118
5280 0 0 3597
5371 0 0 2629
5219 0 0 3868
BFS
1 1
4995 0 0
4095 0 0
205
2261 0 0 3805
2872 0 0 4513
5086 0 0 3676
4197 0 0 2577
4579 0 0 2493
3825 0 0 4711
4899 0 0 4047
5115 0 0 3551
4811 0 0 3825
3932 0 0 4373
4306 0 0 2720
2101 0 0 2493
3653 0 0 4965
3670 0 0 4446
2920 0 0 4891
3093 0 0 2990
3932 0 0 3755
5224 0 0 2861
2999 0 0 5123
5280 0 0 3010
4197 0 0 3858
2541 0 0 5115
3309 0 0 2169
4866 0 0 3418
5100 0 0 5413
3093 0 0 3676
3557 0 0 4865
2493 0 0 3838
3932 0 0 3885
3234 0 0 4606
5100 0 0 2920
5357 0 0 4845
4995 0 0 4937
4548 0 0 4306
5115 0 0 3653
2298 0 0 5362
3532 0 0 4118
4075 0 0 4891
3218 0 0 4167
4870 0 0 4891
5118 0 0 4108
2861 0 0 4197
3604 0 0 4108
2493 0 0 4306
3257 0 0 3728
3653 0 0 4306
2760 0 0 5315
5224 0 0 3535
2261 0 0 2298
4384 0 0 4811
3557 0 0 5034
3978 0 0 5299
3838 0 0 5219
5299 0 0 3596
3596 0 0 4958
3046 0 0 2629
2760 0 0 4513
3093 0 0 2169
3142 0 0 2472
2733 0 0 4899
2198 0 0 4909
2780 0 0 3903
2323 0 0 2626
3093 0 0 2298
4419 0 0 4095
4118 0 0 4995
4823 0 0 4448
3169 0 0 5348
3838 0 0 5236
4866 0 0 2941
5365 0 0 3670
4446 0 0 4419
4899 0 0 2468
4075 0 0 2720
5392 0 0 3932
4465 0 0 4794
5280 0 0 3169
4223 0 0 4958
3611 0 0 4327
4823 0 0 3623
4448 0 0 3885
4891 0 0 2999
4108 0 0 5034
3523 0 0 4384
2806 0 0 3046
2472 0 0 2999
4991 0 0 2261
2307 0 0 2606
2331 0 0 4668
3418 0 0 2214
3069 0 0 2550
5392 0 0 3010
5315 0 0 2629
3532 0 0 2252
3309 0 0 3646
3119 0 0 4220
4668 0 0 5059
5115 0 0 4711
3863 0 0 4981
2323 0 0 3557
4545 0 0 3391
5371 0 0 2806
4965 0 0 3084
3544 0 0 4167
5179 0 0 3309
4118 0 0 4823
4794 0 0 4711
3992 0 0 3604
5280 0 0 2323
4535 0 0 4090
3770 0 0 4124
3805 0 0 4108
5118 0 0 4167
3596 0 0 2472
3597 0 0 3435
4995 0 0 3277
2331 0 0 3169
3167 0 0 2472
4995 0 0 5118
4687 0 0 2252
5348 0 0 3093
2472 0 0 2550
2920 0 0 3659
4636 0 0 3557
2550 0 0 5362
2630 0 0 3557
3435 0 0 2129
4714 0 0 4465
2629 0 0 2564
5382 0 0 3932
5041 0 0 3606
2658 0 0 5315
4373 0 0 2999
3653 0 0 4992
2318 0 0 4197
3257 0 0 5299
2564 0 0 4992
2630 0 0 2323
3165 0 0 4801
2169 0 0 4197
3868 0 0 4197
2999 0 0 4995
4823 0 0 5123
2399 0 0 2198
5413 0 0 5034
3142 0 0 5365
2760 0 0 4075
3309 0 0 4223
5097 0 0 3435
5392 0 0 2990
2414 0 0 5357
3544 0 0 4991
4739 0 0 3825
5118 0 0 3728
3169 0 0 2307
5086 0 0 2861
3069 0 0 2468
3868 0 0 4448
5041 0 0 4124
2261 0 0 5038
3217 0 0 4220
3349 0 0 3838
4545 0 0 2399
4606 0 0 2261
3119 0 0 3885
3877 0 0 4909
2760 0 0 4021
3119 0 0 5392
2129 0 0 4774
5038 0 0 4636
3069 0 0 4535
3992 0 0 5312
2541 0 0 4687
4992 0 0 3544
2733 0 0 2806
3858 0 0 3623
4306 0 0 2468
3646 0 0 5097
4647 0 0 5100
3885 0 0 4047
3868 0 0 2433
3606 0 0 4865
3623 0 0 2550
4513 0 0 4537
2519 0 0 5041
4465 0 0 5100
2550 0 0 4866
4537 0 0 3218
4668 0 0 3863
4870 0 0 4264
2169 0 0 5097
2101 0 0 2564
3646 0 0 4801
4838 0 0 4937
3932 0 0 4537
4606 0 0 2999
4865 0 0 4548
3978 0 0 3165
3532 0 0 3142
3932 0 0 5312
3770 0 0 3596
4108 0 0 4118
5280 0 0 3597
5371 0 0 2629
5219 0 0 3868
