BFS
2020 1 1
212 1 1
200 200
46
2020 199 199 2020
2020 199 199 2046
2020 199 199 204
2020 199 199 205
2020 199 199 2043
2020 199 199 2042
2020 199 199 2041
2020 199 199 2042
2020 199 199 2043
2020 199 199 2044
2020 199 199 2045
2020 199 199 2012
2020 199 199 2021
2020 199 199 2023
2020 199 199 2090
2020 199 199 2080
2020 199 199 1902
2020 199 199 2299
2020 199 199 212
2020 199 199 20315
2020 199 199 20123
2020 199 199 21234
2020 199 199 2234
2020 199 198 2045
2020 199 196 2045
2020 199 197 2045
2020 199 198 2045
2020 199 193 2045
2020 199 192 2045
2020 199 191 2045
2020 199 190 2045
2020 199 193 2045
2020 199 194 2045
2020 199 192 2045
2020 199 191 2045
2020 199 190 2045
2020 191 199 2045
2020 192 199 2045
2020 193 199 2045
2020 194 199 2045
2020 195 199 2045
2020 196 199 2045
2020 197 199 2045
2020 198 199 2045
2020 199 199 2045
2020 100 199 2045