BFS
178 148
696 65 11
3995 171 79
750
496 87 73 7392
2124 63 91 8872
5098 4 120 122
1529 44 83 5856
1918 171 17 8112
2023 30 18 3422
6674 69 7 1507
1538 47 35 5362
6917 79 104 8024
737 159 104 353
7609 0 87 622
7900 58 54 7813
6158 13 18 6898
5704 109 140 6574
3509 40 86 2498
2051 69 98 7416
5814 109 98 2666
4922 98 70 2949
8872 82 105 5216
7853 59 23 231
4059 81 36 7992
348 150 40 7934
2413 8 131 57
4648 58 47 5433
2996 106 88 8734
604 29 8 1432
4639 76 4 4911
2892 107 27 8578
2829 123 0 952
5946 143 89 2770
741 142 145 1043
3055 62 11 5807
7771 113 80 6238
6572 66 8 1043
1889 7 65 2221
8326 119 38 3056
2860 177 105 253
875 114 144 5556
5291 87 92 6658
2512 68 83 658
8274 159 134 7461
3914 80 3 5946
504 169 123 5792
7374 144 49 6609
5587 71 19 4132
3535 170 14 2512
4378 103 48 5086
871 32 36 2304
6898 170 50 5825
3492 63 51 7395
4621 84 147 640
4406 76 77 4997
6575 177 89 8566
1731 69 46 6422
728 124 39 6422
6985 127 56 3667
6855 170 40 8888
2700 89 142 3508
5409 102 77 2232
3431 112 27 4247
7218 41 110 4059
737 90 22 2907
3503 7 1 1896
2629 97 55 7843
8448 121 116 3032
5581 96 119 1200
5238 158 112 3834
2325 60 84 4132
6967 103 109 973
7752 29 58 7642
122 139 88 3571
4621 131 113 5003
6917 80 43 632
858 94 22 8046
4132 59 125 6393
2040 92 115 7642
1499 73 62 8140
6551 114 140 6561
818 171 98 7141
954 19 25 2314
3301 5 94 6363
5878 3 147 5139
2023 72 106 7580
991 51 103 7956
3927 132 132 2539
6504 150 37 1889
2736 67 56 3780
1612 23 12 1684
4911 175 87 2325
4202 4 64 3972
4922 64 35 999
5080 16 97 5056
6344 132 135 6855
7006 132 56 4221
5457 43 18 8872
5904 109 99 6523
1087 61 22 314
4257 114 132 6393
1632 30 10 804
5320 10 50 3477
4715 169 118 3506
2571 13 39 5065
2574 35 20 3833
3590 30 20 5080
891 141 56 2162
7308 78 117 7187
5320 19 48 93
967 26 137 7835
7661 177 103 1559
428 41 46 1737
6055 111 49 895
2539 46 77 1742
3020 113 42 7977
3775 19 61 2358
5194 162 1 4620
5897 53 72 3002
8347 156 30 8779
5775 138 70 6287
5537 122 59 6848
5438 58 5 2883
6124 142 94 8325
8325 100 137 8456
7884 92 132 1632
713 5 134 3084
2840 35 20 5792
6078 123 11 230
421 15 44 315
3187 76 141 6501
5949 138 67 6821
314 23 52 2468
1929 113 81 6121
5714 149 39 3032
5064 148 17 1190
696 57 124 355
7298 141 43 5938
8046 37 95 8780
5435 73 75 2156
8841 68 79 2375
8807 140 47 8271
3088 47 138 1499
5066 26 11 7111
5938 174 8 298
333 88 77 5362
4536 148 61 7599
1646 134 13 6625
2188 126 64 862
3276 163 2 2871
3077 50 77 1743
5398 13 92 4088
3284 47 12 5378
8798 32 93 5454
938 168 81 6196
8842 1 54 3276
4911 13 81 7884
3357 60 42 3785
1043 89 116 3456
5111 41 62 8325
4968 46 143 605
3184 36 122 1754
428 166 131 953
1743 157 142 4997
5046 89 73 7609
7687 118 18 7255
238 165 119 904
5878 100 16 766
937 79 23 4653
4903 154 37 3981
6302 120 39 6008
5057 6 106 1432
1186 138 70 1632
2787 37 144 2188
7570 21 83 8149
4221 55 22 5213
3647 32 125 2168
8442 99 30 5435
1209 62 72 895
8046 0 40 6632
8739 64 115 6523
2375 7 108 5247
7803 148 110 531
4927 151 87 1200
6851 68 117 8274
1043 157 23 3511
4247 12 12 6392
5056 41 109 5792
3264 0 66 3868
2915 60 135 1789
967 126 2 1499
2693 70 40 2082
3477 155 127 1684
5057 75 16 3571
6392 74 66 3055
6523 102 78 4247
4623 19 6 6302
1341 173 133 1831
5422 168 129 3993
7771 119 78 895
3362 169 11 5438
8882 28 23 451
4982 113 41 5995
7374 7 122 8842
5949 30 88 5664
122 129 130 8602
1707 156 84 1341
4903 38 121 8738
3436 161 139 8286
531 5 71 3780
3107 110 106 5239
54 0 8 6425
6109 130 55 6356
3981 150 42 3886
8863 64 135 4621
8063 3 136 1499
6308 29 139 1731
8481 144 17 8117
2082 10 88 230
5532 174 48 5320
3433 105 48 2080
3492 24 109 2282
8036 104 141 8189
2168 113 124 6968
2403 27 15 2512
2124 170 53 6238
3464 77 110 2258
6658 171 90 4200
13 152 145 6572
5703 68 146 4326
7593 71 44 1498
2116 127 62 1540
818 80 49 8657
4117 128 21 6501
8274 121 52 3575
6370 126 110 7411
1150 125 103 3077
3480 76 69 910
8842 151 118 5056
3220 30 28 1839
1612 172 53 671
8834 48 47 4621
4915 96 77 8882
24 152 136 6308
3055 11 105 954
5468 148 128 1321
6871 140 14 8297
2824 11 54 1839
6898 134 97 1632
6625 153 123 737
1961 16 20 135
5216 24 127 6422
1896 98 142 7847
2057 41 47 3032
8326 50 18 604
7593 171 103 1737
728 17 121 8798
7002 107 2 8842
8734 147 146 6843
6333 134 67 7416
6561 73 35 2019
5775 66 8 1291
698 171 134 6810
7455 158 116 8316
6130 136 25 5397
5297 80 25 7231
999 70 41 4229
2954 23 71 3411
7430 117 13 7298
647 61 116 7523
7520 36 53 5467
1816 14 71 5047
7522 152 35 3301
8464 130 74 6523
3264 137 141 1061
6887 114 139 8343
3511 2 10 2167
3834 72 6 4620
3334 162 95 4433
4369 7 53 2708
8464 128 1 3480
7642 68 39 93
4137 48 83 5807
6158 56 68 8028
7150 120 76 7752
6414 95 39 3184
5003 70 32 5664
8189 169 60 3176
6951 118 115 5532
315 154 77 6370
8723 48 119 1208
599 122 106 8723
4006 108 71 660
6602 60 10 7661
6942 54 126 8491
7231 90 88 4294
8817 138 105 6075
2539 168 12 5141
4137 150 7 5378
8863 177 51 8629
7640 97 145 536
2367 15 68 6138
8804 110 33 2051
3710 112 93 138
7108 170 137 4328
7593 108 46 5656
5038 64 44 5357
5080 100 3 5826
4648 79 13 4536
6393 5 57 135
451 112 144 3264
7308 84 128 6081
5958 0 93 4328
428 20 118 944
7798 16 55 3480
622 169 15 5665
1270 145 72 4591
6985 74 121 315
3993 112 69 7075
2338 24 116 2666
187 8 41 2468
2162 164 95 5904
8804 107 28 5743
6109 135 61 1927
6196 79 105 6751
1239 161 33 298
6660 103 91 892
2188 128 42 1850
6422 99 67 7577
6008 139 13 6848
2003 73 9 2464
2003 62 147 389
3352 108 128 6332
2367 87 90 209
5064 150 74 6967
77 146 11 2124
8660 147 95 6575
818 85 97 3262
3943 8 128 3725
2407 126 103 8660
122 105 128 8647
1632 129 89 4877
2366 77 74 7888
1321 37 17 7866
2057 16 47 231
3037 50 48 8597
1043 59 51 2717
2003 88 124 8063
2578 1 46 7006
7311 60 5 279
2227 11 106 8841
8602 111 147 1190
2040 95 128 1499
7111 66 2 3480
6308 12 31 7567
3492 63 129 2227
7932 131 96 5825
353 25 82 6393
5556 16 83 8780
1773 42 8 2954
6551 93 147 1779
6000 98 103 1540
6967 71 136 6172
932 6 105 5645
122 11 96 8232
4223 56 8 2893
8256 172 68 3590
24 159 51 6236
8232 126 132 5856
3107 89 57 5728
7187 72 6 5140
1432 169 61 2883
1061 31 11 4202
5238 51 34 8343
2736 104 5 3077
3087 12 26 7843
6356 8 141 2388
1081 165 51 8316
7465 51 13 1110
4968 140 15 4621
2086 0 71 7776
5140 175 28 8842
8779 36 111 7640
1540 87 2 2574
632 147 94 4369
6365 95 79 5056
4202 54 135 5988
2854 44 38 6843
2342 34 62 3298
1110 135 42 2358
6271 61 131 7079
2571 167 135 1927
2508 19 7 2604
7932 152 111 389
4039 103 53 2571
1721 33 87 4664
8318 50 124 3710
3710 129 77 2957
7370 75 120 7064
875 27 113 6414
8318 68 74 2403
5046 173 74 8657
2082 94 22 3349
5856 3 32 6674
4825 144 71 4711
6234 86 46 7530
3590 36 104 4639
5664 7 3 6023
8657 67 124 7866
3344 144 102 2570
8597 94 138 6487
4059 162 27 6751
5958 125 117 3055
3588 162 39 6130
238 80 59 7671
433 59 141 4378
7936 39 117 2357
3139 121 132 4969
6848 52 83 1364
5057 104 120 6735
2840 154 45 6060
3352 5 22 2965
2023 134 32 8063
1043 152 75 3178
7401 42 110 6551
8303 75 7 1737
5066 17 111 3176
400 47 49 3509
4911 124 124 1031
562 110 115 1746
640 4 75 4648
7803 59 3 818
4042 132 16 7111
698 123 130 4200
895 96 134 7866
2162 175 132 5467
2708 85 137 4730
6051 27 57 3511
1953 76 10 5123
3055 125 114 1308
6985 157 126 5276
1878 169 121 6414
1147 34 48 238
6238 45 101 8028
2375 134 2 2712
3411 6 82 4639
7866 65 113 1927
5897 39 145 7724
3480 54 94 7642
8464 57 0 5807
6314 32 68 6821
7311 102 109 2845
6575 42 42 3671
2403 146 53 5080
8297 32 79 5438
1031 171 82 7277
8326 126 33 8493
3629 149 74 8609
1150 94 101 5586
8173 163 84 7181
958 65 68 5039
2693 130 6 6422
4460 79 114 8662
8629 72 17 2757
6787 129 34 8318
4639 29 63 5656
3011 12 87 2407
8602 10 39 5571
2205 163 43 2358
7520 118 51 4851
1969 162 125 4460
3178 164 67 8647
7863 92 119 7164
5454 119 17 8781
640 136 74 6420
6988 22 137 8647
3011 31 119 7791
2346 97 67 6302
8804 26 93 4200
2708 9 80 6415
8798 59 120 6238
2915 142 45 8161
3381 150 19 7386
1381 73 23 596
7956 140 60 2460
5556 156 37 4825
8272 66 28 433
3833 60 119 2871
6843 41 106 387
5537 176 18 5992
504 46 14 2367
4006 77 18 1339
2346 39 34 7752
4969 175 147 5354
333 107 26 688
1918 3 98 3107
5656 15 30 4639
3433 19 57 2872
8493 40 98 209
3037 40 63 3667
4433 36 63 3077
1431 113 127 1820
3104 34 135 3477
4232 54 98 6381
4406 44 29 2395
8325 44 88 5999
8647 122 99 5533
2834 50 145 353
8384 46 4 7416
4808 63 25 973
3431 75 37 3710
1043 162 28 8679
1731 100 109 1200
5826 140 143 7465
135 106 8 2604
5681 71 96 6302
8734 64 31 6415
6735 118 147 4328
2346 81 19 8325
5047 128 21 779
5239 156 92 5856
6796 127 54 5362
6602 82 94 6051
7609 81 27 8629
2854 14 114 7580
3176 76 46 286
6658 116 7 5219
122 92 135 5123
2954 84 43 8888
5556 177 71 3262
138 123 71 7392
7079 27 146 2464
671 144 81 7013
1646 20 69 7523
8578 146 50 7370
337 47 82 47
7640 46 78 7164
875 73 113 1612
187 96 112 4202
5728 105 144 8052
5684 45 14 2116
6625 109 37 1685
3220 163 34 362
8657 2 73 1087
356 76 136 8455
6575 4 132 7665
3391 116 122 6121
3084 128 83 6810
5568 124 40 8024
1932 68 74 6810
7311 110 105 6926
555 71 42 5878
6988 6 102 5532
7485 163 48 2604
3037 159 146 3176
7006 28 127 3508
4711 66 110 7465
8647 130 95 4179
1929 138 147 1927
2891 47 66 1315
1381 118 118 3011
315 148 19 3176
5089 90 10 2413
7866 122 44 4202
6050 102 47 3818
1779 152 99 7804
8464 85 106 1633
6051 126 79 4213
3833 104 49 6365
2757 8 75 4829
286 170 99 3352
1685 73 40 6078
5834 177 134 6422
6420 135 66 2468
4938 101 108 7706
8872 80 105 6821
315 48 123 1773
2082 76 67 5039
5714 12 59 7668
6363 41 135 2408
4095 147 99 895
1540 82 114 1831
1031 107 1 5949
604 165 83 387
1953 170 28 7002
2066 173 111 3256
2772 41 114 3134
8063 61 15 562
3011 43 109 4621
1789 76 70 8647
504 108 98 2578
82 60 8 5231
1850 58 62 4785
3176 159 9 562
508 93 7 3470
1559 16 76 2395
1731 140 5 8804
508 90 85 8347
6196 105 96 7843
7523 154 115 5194
1381 159 109 8063
2162 112 125 2365
1969 160 60 2070
3590 141 100 6422
2604 156 31 8781
5556 18 110 1473
8506 105 35 3725
7848 60 136 5795
4997 7 129 7992
6158 18 126 5568
2188 142 106 5681
4369 95 66 4378
2162 17 68 2346
8660 30 108 5826
1878 140 117 7956
5301 13 22 5270
3455 120 4 7932
7180 17 83 7411
3503 103 24 4841
5468 48 116 4829
96 112 135 2232
2693 2 73 387
4229 86 138 3391
2070 93 126 6402
7843 116 128 7577
5064 155 70 5878
8493 91 67 4221
932 31 46 5789
135 11 109 5258
6271 83 33 1694
5807 117 82 8115
362 51 134 8660
8256 97 9 5398
3629 69 82 1927
7298 99 65 1473
2501 166 33 3710
2807 98 92 5826
1742 105 51 5408
3549 85 37 5714
999 96 93 5291
5775 167 27 2082
4043 61 78 8882
8602 171 52 5140
5065 11 99 5080
3833 153 141 952
5398 103 61 3937
544 37 115 5703
3039 98 64 2388
6965 130 38 7311
4982 124 145 1694
3964 110 30 8506
8149 110 73 2604
4103 13 65 3647
2736 116 52 4202
2366 164 46 3506
3134 65 101 7430
2666 123 30 2464
1186 81 64 2124
4276 107 131 5397
5533 54 146 3710
2205 108 104 2014
6625 135 73 6236
2388 18 111 2023
3911 136 109 1888
4328 154 102 504
4623 22 91 5467
544 104 41 7187
5160 161 137 5568
6238 30 113 1957
2629 33 69 7132
5202 100 122 4369
2539 31 95 5728
3470 90 135 4618
361 171 47 242
8597 61 74 3470
7356 113 82 7687
5057 100 124 6926
8872 117 108 1694
8036 9 48 5684
77 125 24 8052
4213 131 19 433
6287 52 101 2891
2333 161 65 8781
5949 70 142 1666
2156 162 124 973
2156 26 124 8303
6308 101 10 4825
4981 85 83 8647
536 86 113 8115
6744 108 134 3240
238 94 22 2508
451 138 128 562
8274 92 140 6674
5293 66 119 3334
8140 176 3 3818
4969 24 88 3165
421 27 83 2840
8481 145 4 6422
8046 100 82 3459
3477 55 132 2501
6968 87 95 8167
6898 21 2 6075
7356 62 135 1816
3381 89 32 938
781 68 115 7977
8842 155 97 7813
5065 139 16 4103
1507 26 48 508
4877 20 22 3868
4375 87 83 2375
7936 159 144 1150
2227 79 116 2338
1578 105 0 3011
3187 129 74 7863
2388 63 118 5140
4433 138 68 5556
8882 93 68 2574
8173 138 11 2333
3433 106 86 8347
5714 29 111 348
8609 168 1 3818
8257 152 75 76
3588 16 48 8834
3995 82 27 4460
5457 12 108 1110
6055 151 110 6774
6821 86 15 3039
660 91 127 7064
8455 142 22 96
1200 165 83 3349
7977 141 25 6871
7399 110 97 5216
3937 63 7 1743
628 166 32 1031
3087 153 123 2395
6162 146 38 1314
6572 49 25 804
7671 69 73 4642
7520 91 92 973
4433 142 34 696
2357 39 117 3503
8597 70 76 1061
882 117 88 5807
953 139 27 5893
3002 91 13 7813
2883 69 68 7777
1932 109 8 8886
1578 19 7 7356
2965 1 6 2365
8455 120 40 4943
4973 155 16 3327
5587 165 119 8173
6787 11 58 2574
