BFS
178 148
3500 35 103
8155 70 92
1000
6730 8 36 7341
8363 62 107 5233
4786 162 146 4726
4513 59 97 3229
2513 68 41 6935
6590 52 142 7864
7341 51 133 8036
2399 3 70 8246
305 133 40 3348
6351 30 5 775
8446 157 24 7293
223 6 77 3020
1336 146 71 4558
917 170 62 7026
528 20 39 4041
6105 105 110 8745
2005 109 123 3138
6891 171 122 8888
8745 128 76 4576
8134 123 142 944
144 55 10 5212
4584 85 10 8450
4786 4 60 8368
6258 129 19 8408
4915 45 147 3936
8323 163 92 8477
7965 52 106 7001
3295 13 103 6916
8396 133 82 5750
8114 76 86 6913
7247 34 18 3001
6394 142 144 2120
6913 143 145 1335
5780 45 107 4319
6354 68 87 7138
7785 10 49 4440
7288 51 68 3476
8244 150 0 5780
7261 63 129 3259
5745 36 131 3780
1687 30 123 3432
6895 176 97 8155
7162 145 140 4449
6028 3 143 6638
3046 28 106 4393
1116 91 91 4932
626 61 59 7785
4610 145 109 7871
6929 116 7 827
3233 39 134 3279
261 110 93 4726
5532 11 118 3348
5842 73 119 8297
4440 125 73 1160
5042 124 2 5339
4468 29 47 4803
6351 86 142 5317
4244 64 127 6502
3348 19 74 917
36 168 96 1561
305 153 6 7148
5532 82 83 7234
5617 12 132 3140
426 165 51 2613
6641 95 36 989
6958 84 1 1438
7138 79 123 6693
2319 108 61 258
6473 106 70 2511
258 157 41 5402
3008 155 107 964
4393 1 99 8858
8134 114 121 3074
2613 115 15 750
4726 32 143 2845
426 10 27 8408
8732 90 18 1958
305 150 75 6208
3229 92 39 2797
3380 48 3 4449
6386 54 131 3954
8673 170 35 3233
7884 43 116 6784
3432 128 128 6929
443 47 54 7004
2440 89 84 4907
7322 98 30 4130
1336 74 8 3531
6063 26 60 7341
1751 153 45 2616
1245 56 74 8036
2938 156 31 148
4299 5 38 2513
6491 101 112 3232
4179 153 31 7871
8732 151 93 1686
4238 53 61 6646
3878 134 51 6726
8477 172 127 5401
7307 11 47 2662
2190 92 123 3259
5229 60 92 4364
5378 40 2 2849
7341 29 23 1350
6254 133 29 4839
750 63 32 528
3693 57 135 2617
4786 113 146 3780
7001 66 99 4900
7733 96 96 8414
2449 142 40 2309
8414 102 58 2190
6238 92 127 6452
7262 98 67 8363
3670 148 133 6068
4319 145 132 6131
8477 98 122 4573
750 167 109 1032
6768 135 60 1161
1958 47 19 6625
379 87 25 6916
3630 101 120 3338
2569 130 21 4410
2469 114 134 6692
5967 87 73 1678
144 68 0 7789
8474 60 99 4839
7807 115 69 1832
2449 110 137 813
2036 4 122 528
2120 125 140 4174
4001 114 11 5780
6131 27 95 8432
3348 96 106 8784
3630 1 31 3140
6351 60 60 7067
2125 119 34 6254
478 70 19 8696
2068 153 58 2302
2440 135 24 4049
5374 113 115 3779
7864 148 125 6929
4410 34 147 7469
7626 175 43 6254
2399 157 83 3348
1561 126 34 4993
1438 4 106 1336
6117 146 44 8643
7626 13 118 144
6238 166 1 3020
7789 89 59 1014
8593 161 72 4859
4907 29 61 4513
3531 52 15 2302
4335 91 75 6315
6452 98 54 3434
6409 41 121 8127
5402 54 52 3898
355 92 2 4513
8446 8 116 4453
6198 74 130 827
3239 86 42 8127
8138 38 34 1056
4915 104 133 8660
1967 60 94 4629
5769 165 94 4726
4299 17 45 1160
7797 142 19 3693
7056 112 53 1307
5544 68 139 2302
3898 4 90 443
7138 145 44 3338
7659 74 145 1241
813 137 34 2502
8155 30 33 8414
261 36 147 6576
2877 62 63 1719
148 4 49 2180
7809 165 46 5269
7785 164 95 1438
4839 127 41 8368
7072 98 51 8379
6473 139 49 2613
4966 75 141 1464
2186 28 79 7980
993 160 92 7165
5731 45 20 1967
6376 49 133 4299
1160 66 54 4726
7733 47 57 4834
6916 131 37 2066
8593 58 58 5374
2944 2 1 4244
1400 90 37 4820
8127 146 100 8039
2206 55 87 3878
2616 36 41 4139
7277 58 102 2125
6491 130 48 7980
964 63 102 5378
2845 139 25 443
3074 53 25 1065
6891 5 129 7143
3485 46 27 4213
3894 101 91 5229
8323 169 50 2125
3232 73 99 2580
6354 159 46 4576
6693 24 100 5880
2068 24 110 8446
1758 162 47 2944
4299 16 133 1245
1643 53 85 5880
2617 125 22 896
3531 16 47 3309
3576 24 109 5901
4629 106 47 3795
2068 111 122 7871
1832 113 134 5901
2613 135 47 6808
8446 170 66 4453
6131 45 90 5353
4139 122 26 5339
3795 54 70 4907
8007 22 107 3936
6590 41 121 478
6116 128 70 8408
161 94 138 4335
4900 19 113 2565
6929 57 28 8368
2005 147 29 7056
7162 105 68 7392
1174 143 87 4726
8379 170 129 3497
4915 156 61 2036
3540 19 84 7142
2613 177 68 6855
2944 135 146 1951
7407 144 122 2613
6116 17 99 2658
1958 100 118 6208
5207 5 115 4393
6676 86 97 3780
8244 175 0 8246
7095 86 125 672
3898 22 66 4915
8660 34 45 6630
5532 24 71 1336
3476 11 26 6916
8117 91 34 2005
827 88 58 6929
2125 93 85 6901
1161 173 132 917
3279 105 80 5760
5241 10 29 304
6348 171 117 4179
5750 60 120 7682
5532 37 123 6464
4453 90 67 3391
3878 52 34 6238
7682 64 81 2895
2617 148 18 66
2161 83 99 2797
2120 44 122 3780
4576 156 144 1065
6378 101 86 4489
2613 102 140 8137
1109 58 13 8477
8368 78 136 3046
1954 95 44 4299
1829 17 65 8297
917 26 48 4430
1300 100 99 8297
91 73 26 8858
4299 104 82 2818
988 107 104 3693
5745 155 104 3059
836 106 143 1951
2565 144 47 4453
4726 96 139 3878
3025 152 134 8619
5532 167 35 2675
3239 2 96 8087
6339 74 22 8432
3231 80 67 1751
3309 98 119 4139
4041 171 54 5230
8745 67 91 5049
7162 12 53 1032
5906 92 127 1244
3902 156 92 6958
1758 149 120 6784
6063 0 94 4186
2005 88 33 7095
1174 19 90 989
377 147 82 5353
8660 35 15 3821
8414 1 89 4786
3232 61 64 7067
1998 105 99 1951
6867 145 66 4584
6378 171 94 4610
5728 108 146 7407
6935 84 75 3391
2036 33 5 3259
8002 84 16 6576
7234 145 76 2284
4666 153 26 7693
7079 149 48 8432
8408 129 103 7469
2284 152 112 3500
6315 60 21 7162
4839 152 2 106
3434 36 28 2120
355 173 13 3059
4174 125 85 4853
2662 12 43 6958
2969 58 70 4932
6730 75 48 775
6556 50 87 3229
6929 40 8 3887
1307 59 104 5769
1300 160 49 4639
3733 146 131 7162
2449 118 35 5869
6576 144 9 6804
656 133 34 5275
2309 4 37 7211
4179 40 16 4558
626 16 16 7884
8103 67 25 3685
3630 177 124 7234
7138 35 12 161
5413 58 122 1769
161 148 123 6625
2233 57 73 4726
8673 90 131 6625
2613 94 74 7142
4983 59 85 3432
6452 64 37 1032
1056 93 9 2580
5617 171 84 7531
1829 130 67 8368
389 8 23 6929
6386 87 108 6916
4931 66 54 6473
1485 134 45 827
2319 67 122 7001
6641 119 50 6730
1686 133 56 5842
7211 34 140 6730
7469 59 8 1832
7797 157 4 4684
4179 70 54 6378
4213 110 130 8127
4983 160 121 7405
4853 35 22 6131
6063 139 100 8323
1032 105 58 4853
3259 110 93 2399
2040 162 88 672
2396 67 113 813
5317 159 135 6638
8717 42 87 7067
1464 153 133 3821
5374 102 116 7871
6916 17 26 7261
7626 170 54 7211
6386 144 97 5314
2662 24 127 7797
4570 111 129 1114
1687 27 34 2113
2580 171 13 8745
4513 153 67 2580
8396 130 83 3994
5233 48 32 5434
6473 7 81 3231
2005 25 10 8660
2206 119 41 5617
4966 137 76 3878
7157 138 0 4139
2613 69 134 1380
7067 11 131 2309
161 137 42 4820
1114 107 31 2399
8316 78 98 5034
7789 110 104 4907
8114 61 111 8363
2513 151 13 4319
8244 177 79 524
3309 40 49 8660
1381 29 27 917
7682 76 141 4853
7531 134 37 6131
6692 117 11 3074
8593 110 119 4130
4835 131 145 7288
8087 128 107 2969
6063 59 8 3025
5353 51 64 3008
3239 13 27 3500
5314 174 142 5230
4130 77 131 8732
5610 67 136 7026
3008 13 5 2128
656 25 88 2658
1065 86 38 144
4639 118 116 1307
3138 103 120 1065
1114 82 4 2658
1954 153 9 3046
2068 54 118 5911
4041 123 68 5275
1109 61 8 2120
3256 78 84 3887
4726 62 15 4179
555 150 144 5750
6630 92 25 1116
6028 70 83 2128
8593 85 85 6958
2319 75 11 2113
8523 138 143 4179
2440 126 62 5901
6028 74 74 7157
3338 152 105 2613
6677 147 29 6464
6452 46 65 2399
3001 7 110 7079
379 23 133 443
1998 41 117 4966
6351 149 142 4726
841 10 96 4558
3497 59 137 672
7693 146 56 5434
6254 80 32 5880
1307 4 137 4041
6630 17 97 7565
8138 43 105 7509
6590 63 145 6638
7789 162 127 896
4319 116 73 6692
4993 45 84 8090
6726 163 145 6590
6452 76 8 1233
7341 76 61 7288
8137 61 2 2276
8888 36 136 7682
8127 61 75 3576
2939 163 3 5745
2511 127 26 4364
2128 10 91 3149
6869 113 4 2005
3531 129 31 2662
6556 61 105 841
66 11 33 7531
6576 43 56 836
4364 90 75 7993
989 166 44 4576
6677 108 99 5532
3318 6 3 5901
5230 62 33 2284
5241 91 53 841
7079 157 122 4932
8450 46 48 8450
7682 116 97 1087
6641 92 108 3432
2125 106 5 4839
5731 153 91 2993
7272 57 48 2139
5769 140 23 305
3878 36 90 5456
2399 88 14 7733
6891 83 23 4726
7067 134 145 2849
7261 39 115 6726
4834 124 143 5869
8155 88 88 2528
1719 1 38 2502
106 55 29 4174
7700 33 103 7332
7007 100 44 4319
8117 130 27 5374
4174 177 24 6491
3188 17 135 389
3001 58 55 6035
3309 112 139 6891
8450 114 56 6958
2399 0 41 1336
8643 149 63 3482
1161 125 6 7733
3779 124 77 4001
6638 35 3 1998
2319 40 74 7809
7789 93 94 379
1673 112 141 8137
7079 169 54 3733
7277 70 46 7162
8877 66 69 6726
7261 88 147 1161
8687 157 146 7143
1245 173 10 4684
2569 159 132 1245
6693 68 134 7693
2939 166 97 524
5275 139 91 4726
3295 166 106 5532
3434 46 89 3318
3295 35 67 1056
5911 121 9 3138
1464 160 102 7469
5731 20 132 4179
6901 94 39 4639
6198 126 147 2066
4859 154 7 2206
5230 32 62 7509
4319 12 130 8523
6473 142 93 5269
1245 155 137 3025
7494 112 132 7007
2233 105 144 3688
4573 74 71 7733
5745 144 17 3898
6238 15 134 7322
626 70 84 4835
148 109 4 3531
2399 24 138 988
4931 174 83 2005
6409 41 64 6339
6028 150 61 1065
8643 96 101 3769
4319 176 144 4440
3380 65 92 66
1174 116 2 8446
6354 66 112 6676
6693 12 96 1161
1241 171 9 1967
993 71 28 3576
5869 161 110 4900
2744 37 92 4666
2617 116 15 1174
6238 159 134 3685
964 36 126 6895
7293 78 58 3434
6491 107 53 379
3233 30 31 355
6935 153 137 626
3878 108 48 8717
3936 134 30 6502
6916 175 129 2186
6315 33 135 6556
8002 28 59 4449
4319 20 103 5760
3256 141 38 7157
3693 64 4 3936
7733 54 138 8523
8477 87 89 2455
3149 20 110 7148
8127 2 12 7234
2797 31 130 8127
1967 40 140 6254
7682 155 0 1958
7407 71 65 4179
2233 154 6 1829
6208 18 109 6394
1751 119 50 7789
7079 120 3 1336
7405 132 108 1832
7143 100 95 6502
5241 135 80 1561
5647 115 119 4179
7007 131 48 6935
2328 68 104 5532
7157 133 77 3149
4449 27 116 524
8379 16 88 2276
7293 28 124 1307
3779 109 38 7142
7531 167 58 1687
5406 106 3 4430
3685 89 31 261
7393 70 109 1687
4146 14 32 5760
4726 87 104 2569
4238 134 104 7797
6198 162 115 5402
6315 13 68 7272
8244 80 110 8246
7007 37 43 7682
5610 124 110 3626
4993 73 55 3540
389 87 14 4606
5207 50 74 7940
3954 128 9 5413
8619 155 97 2302
1967 61 85 4139
5378 35 64 3259
2469 3 14 8297
944 119 53 8515
1951 26 122 1335
6638 23 50 1065
7572 167 52 5269
750 13 95 3894
7733 142 47 1967
583 49 103 4820
4803 136 77 1014
3780 45 96 2319
5842 15 65 7531
1160 142 43 6452
626 125 114 8316
3074 27 126 2511
3576 132 116 7157
4001 124 10 5901
2658 80 12 2662
5967 93 14 3693
736 21 16 3670
7277 26 77 7807
355 14 15 6068
2645 96 6 2066
4179 12 39 3780
131 132 72 3279
7682 170 116 3046
4684 56 63 443
1485 8 114 3025
8323 150 138 4213
3733 94 67 4629
8117 116 79 3020
8137 64 3 2396
8007 89 56 6676
2486 52 61 1485
4238 68 43 2302
4835 110 118 6638
3779 175 19 2845
4558 121 38 8396
827 19 108 8114
1032 117 53 7004
6935 112 86 6562
4001 17 123 8888
8087 102 127 2206
8127 145 25 2655
3531 162 8 3626
1829 91 45 2486
8643 20 104 8877
3626 47 48 2113
1678 24 81 1079
7789 40 13 5413
2005 152 61 2513
4299 161 33 7405
1990 13 62 2302
5780 91 26 8138
964 106 18 261
7733 160 90 5544
3898 1 25 8477
7438 5 12 3295
5406 2 94 3318
7789 131 145 377
4174 24 104 7095
5230 132 49 3074
2938 29 40 6378
2993 43 122 7067
1643 78 125 3025
6035 33 135 4993
2528 41 37 8523
6035 76 83 993
4528 46 20 1381
6378 125 45 827
3074 95 99 3954
1335 168 52 5901
6916 90 63 7682
8090 96 22 736
8745 56 23 4130
3434 112 84 3140
7072 38 29 7072
2580 132 6 6590
3540 132 139 5406
8007 85 114 1052
1307 152 125 3902
993 101 53 3685
6958 37 97 6208
5869 80 107 6452
4492 46 19 2797
6804 110 81 8396
2655 34 69 1673
6258 140 13 2849
5901 162 23 3685
4584 80 133 2675
8858 24 89 2613
7693 32 137 6348
148 31 142 7626
3140 86 122 4133
2005 70 94 3780
4319 88 24 5544
3295 137 24 2276
6556 133 26 3540
2877 153 88 6378
4049 121 112 5413
7234 23 143 3626
2895 41 125 896
6068 171 50 8117
6386 88 54 3259
7138 167 81 5610
6028 10 75 6236
2469 12 54 1161
4041 100 42 3020
5696 127 132 609
6028 51 82 7067
1769 75 0 8643
355 109 63 3059
3338 22 74 4133
8745 5 125 3380
3149 18 99 6354
2662 31 106 989
8297 175 139 4570
3229 112 64 2617
144 48 146 1052
5314 68 33 4726
2818 32 41 7733
389 4 125 4319
7626 132 100 8593
4639 77 47 3231
3878 86 104 8717
6677 146 5 5402
355 141 81 443
4130 119 145 2005
6502 165 131 2206
4859 24 112 5728
8127 151 50 7870
7572 58 93 1561
5413 101 123 8619
6258 141 142 3630
8244 75 106 1381
3008 61 38 6929
2040 173 37 8523
8297 117 29 8660
6452 3 0 5402
5317 108 118 3540
7438 57 140 3500
389 153 99 3432
2399 85 82 8877
7940 85 62 7438
7001 51 104 1380
1381 104 101 6768
2005 2 26 964
8512 48 54 3059
3232 120 134 7438
2302 101 4 3025
1673 76 24 7509
2797 66 15 2302
7733 28 147 4213
3338 145 33 2849
2302 85 132 5610
379 15 29 2180
4179 96 24 6351
4931 147 145 4335
6473 88 128 6394
4629 88 46 4139
2528 138 147 6638
6895 126 92 1056
3531 141 101 6254
5967 118 105 2309
2284 31 49 2569
2440 145 125 3497
7405 88 119 6126
8858 10 85 3149
304 11 25 7072
8732 137 110 7797
3688 5 112 4558
8515 72 0 2128
7659 128 128 3074
5374 163 82 1087
4133 158 26 8450
5901 69 68 3626
3001 155 63 6386
3769 153 121 2580
4513 19 8 148
6378 43 36 5339
7682 129 18 8087
8137 118 109 8408
989 93 145 6238
656 14 77 4966
2969 9 1 2113
8134 119 144 1769
6131 0 101 6935
4364 63 134 478
6808 67 128 1350
161 13 3 6117
6888 5 0 816
6315 15 135 8379
2396 119 59 478
3780 149 20 2486
7277 110 29 4489
8114 87 28 8696
8619 29 91 3008
7565 2 29 8696
5544 144 43 836
6641 83 29 8446
2569 20 0 5880
6556 76 129 2565
944 166 86 8036
6473 177 92 7332
2744 150 21 8784
5401 5 3 4319
8877 97 33 7247
8477 38 66 1245
4907 46 108 3685
3432 32 16 7162
3485 72 80 1056
7392 23 99 4859
1244 124 16 3232
3259 78 56 5269
1643 160 78 2695
5378 112 26 3391
5967 78 106 4610
4130 50 98 148
4966 115 141 6913
5696 175 81 6116
305 10 16 6452
2944 54 17 8002
5760 107 21 7733
5911 151 36 6638
5207 104 38 7531
6676 24 107 2645
6394 66 84 2399
1400 153 109 3020
4666 171 105 4430
8593 51 86 672
1160 56 58 4440
7494 127 122 4393
2511 48 91 5042
7469 116 7 4684
8246 119 124 443
993 66 2 540
6105 64 127 2120
2440 141 96 3531
4839 154 60 7211
5401 65 7 5401
5647 60 128 7693
4244 126 63 7531
6131 51 69 8036
2120 20 131 2528
2396 112 90 944
4610 58 115 6254
6348 64 55 8379
4492 37 128 3318
1161 68 87 4468
3295 134 58 4179
8363 101 138 2005
6354 23 77 6238
8134 86 118 6348
4186 46 145 528
8745 174 79 6867
6386 147 17 3149
2895 137 116 8316
8717 70 109 3432
3630 74 32 2580
1233 135 44 8414
6562 159 92 5034
144 134 54 4492
4859 117 40 4139
7001 0 41 3432
524 138 95 4576
3688 153 25 1007
7004 33 65 2302
1678 48 14 2528
721 87 81 3074
6692 91 3 1335
8877 112 26 7095
8687 145 39 626
7565 8 140 7262
2797 169 52 589
7733 152 32 8696
1160 164 23 2513
3936 78 1 6473
7965 78 53 7785
3497 151 60 7809
5647 162 54 7162
5456 47 112 2120
6126 135 19 4238
6958 17 61 736
1079 106 107 3338
7079 165 70 1116
6126 155 63 7531
2180 36 19 2328
4049 109 32 5610
2302 118 132 4319
8036 90 24 2328
8477 103 51 5911
2113 35 56 2944
6339 63 37 6630
1643 48 24 5353
8138 5 75 8177
5230 174 49 5911
7341 116 96 7247
3769 27 32 8177
7288 29 86 7157
6808 25 65 173
3497 29 113 5911
7393 175 133 7438
8363 74 90 8619
6068 21 41 8039
6378 21 118 7965
1464 40 39 8368
3902 110 66 1056
148 77 40 6646
2068 107 130 5769
2113 54 76 7322
8007 53 42 7733
6869 153 5 3391
2161 70 131 1307
8784 73 40 1161
7007 158 108 1244
5233 115 131 5241
8177 172 13 7940
5378 139 43 2328
8450 56 108 5869
8134 78 95 5207
5317 149 88 1967
2645 70 60 5413
1400 103 129 443
2895 127 114 355
8323 147 88 389
2486 79 31 1350
36 70 93 6935
106 131 55 6590
3138 124 25 7322
8396 46 85 2993
2502 116 101 261
1829 96 21 3188
639 157 108 4629
8039 64 140 4393
1007 34 74 1160
7026 121 67 3318
4213 55 142 3309
2440 142 126 2186
3295 97 122 8619
7980 135 86 4319
2455 14 61 3149
5230 34 121 7469
4319 49 69 3894
3485 67 141 6867
4570 138 146 8888
2233 143 79 2993
173 60 120 8379
3020 56 61 6958
4931 86 119 1307
2613 173 29 66
2662 120 99 3239
555 108 43 5842
8134 63 130 106
7138 15 30 827
583 43 4 6354
3259 18 12 5647
2969 9 52 5901
1336 9 70 5923
8515 117 1 944
3140 147 72 161
131 116 48 1079
4558 91 35 6630
2186 45 53 583
8090 70 6 3894
5402 39 44 1381
4576 3 77 8007
3046 58 31 377
2845 67 108 5212
4146 136 22 261
4453 60 126 7026
2449 80 66 944
7438 154 80 7494
7211 137 138 4900
4393 161 109 4393
8619 146 31 2645
4900 47 76 4610
2513 164 47 7341
4041 159 98 3140
836 48 67 8134
3025 104 76 750
2513 57 138 8090
7733 83 48 6913
6576 142 39 2616
8717 153 118 7067
7733 102 73 4049
2895 177 120 7001
478 176 110 3630
2969 176 142 7626
3259 166 140 7954
4932 122 121 964
7494 1 54 672
2613 84 92 8745
827 42 36 4629
3576 125 75 7272
2613 14 30 7272
8643 58 20 8039
2617 64 45 6376
813 91 57 6869
1673 150 81 7565
6730 173 59 377
5456 59 44 2613
4364 130 45 1954
1686 128 1 6117
2302 162 89 1400
6888 114 12 5402
